9.999999999999998890e-01
9.779823749905830477e-01
8.722694294618575928e-01
8.504890625838613660e-01
8.054572193487848919e-01
8.396017292425125289e-01
7.090471649728397052e-01
7.025614127114068186e-01
6.383738793501182451e-01
7.176740003994466210e-01
6.915368798064479572e-01
6.986602507792819550e-01
6.709973245243902040e-01
5.828232613166249854e-01
5.743929238420604211e-01
5.125112111155231132e-01
4.931687676884594085e-01
4.450696313213534649e-01
5.517494295443982066e-01
6.309589496075919124e-01
6.696994748798177355e-01
6.401144084111538568e-01
6.477566532826413148e-01
6.238152107799026513e-01
6.052362877822342613e-01
6.441265866923165939e-01
6.019846477234516158e-01
6.011725852410404469e-01
6.316327985636924769e-01
6.157938052170521814e-01
6.244771377781844768e-01
5.342427079677971591e-01
4.653081009773771815e-01
4.943807187670659631e-01
4.708461552388748528e-01
4.487032646574466987e-01
3.651137616854275847e-01
3.028411519136671171e-01
1.916507266727622560e-01
1.094041243942398545e-01
9.200732505925401927e-02
1.082911121364653895e-01
9.234175029468619234e-02
1.301890317048154666e-01
1.237031878692118614e-01
9.923791194386438752e-02
1.126425630719498777e-01
1.168245360608893973e-01
1.002472582489208064e-01
4.990252203489455723e-02
5.051880167762294593e-02
4.474702475521934175e-02
3.179184725721829335e-02
3.901805279580899261e-02
1.379465272324547319e-02
1.217407908553832727e-02
1.500632237606412851e-04
3.936686076217265143e-03
1.320889271278932742e-02
1.567289494098408550e-02
1.396542070951084513e-02
8.090270256151336353e-03
8.530390307862791358e-03
1.122362515304221355e-02
5.617137796461266208e-03
4.706033647144773624e-04
1.946419084559876042e-02
1.757475697657383262e-02
1.714109921717429583e-02
8.152198747041860052e-03
2.080786672644281340e-02
3.557979830954232509e-02
3.853629568863252419e-02
7.941505525757305839e-02
9.098277320440170679e-02
7.355622971548569922e-02
2.350275129283352013e-02
2.794285970605385645e-03
1.142985616025870253e-02
9.821315029577877206e-03
1.271007152417851470e-02
1.831196029091711024e-03
2.878055929836458721e-02
2.594117896001638807e-02
5.758823060103401142e-03
1.470033974409048344e-02
5.275004058700347859e-02
3.659479904684270757e-02
3.713350651150724990e-02
3.644209686905988677e-02
3.525971772777864582e-02
3.204523537350139131e-03
2.629220992749367602e-02
3.306623377252301821e-02
5.176361949799000717e-02
5.025317736267554541e-02
7.581171285513413349e-02
7.967043304459070496e-02
6.854347657066101052e-02
4.790603260461931412e-02
3.282458486799927355e-02
9.811950240030540421e-03
1.225887479970120750e-02
1.909611883753555700e-02
6.543071423538462245e-03
3.403363153649736905e-02
1.522844591234294789e-02
7.195454205017605756e-03
6.463877770328045613e-02
7.499008901773684954e-02
7.195751383440786297e-02
7.808102807918847199e-02
8.728471758530130520e-02
1.160323863643249465e-01
1.155669947468460357e-01
1.043331738433204703e-01
9.839361935759576017e-02
1.023589526155920526e-01
8.134412642177059338e-02
7.931743324918126559e-02
6.981667843293684617e-02
6.658614751046033897e-02
5.800078241728143236e-02
5.006987143593978618e-02
8.135985594519246078e-02
7.487237700365531601e-02
5.372376272642012673e-02
2.265827785630834118e-02
2.090243472189810825e-02
2.557783348474248000e-02
2.497386736559630699e-02
3.686464645192386730e-02
5.674092179172331163e-02
4.245241504198837140e-02
6.437609824067472633e-03
6.468259178976839933e-03
2.416159867513390305e-03
8.308682649126871572e-03
2.214030929504360451e-02
2.755536102271981952e-02
2.803846970134913838e-02
4.200879502775710372e-02
4.361874685453216022e-02
6.683985951840397399e-02
4.333931734332088087e-02
4.984388836316067106e-02
7.616444413410497494e-02
1.143525688798298773e-01
1.341146837735713582e-01
1.396455947712722800e-01
1.476728636648506343e-01
1.724382180362279693e-01
1.730816311573046828e-01
1.726426156355487240e-01
1.786822818413719705e-01
1.697095074249163060e-01
1.694553865544424220e-01
1.433349249642663081e-01
1.398350638692697767e-01
1.399578652606092433e-01
1.102302284951909572e-01
1.424274487897823349e-01
1.303717030663197884e-01
1.089512866216215820e-01
1.307742387560109076e-01
1.276733917521969963e-01
1.412758300856395421e-01
1.383777118697862019e-01
1.387160096524370501e-01
1.324692506120993818e-01
1.244078519996266452e-01
1.167305214779898875e-01
1.025467750498811892e-01
7.737355919118291125e-02
2.428675153888113988e-02
7.420952775658273826e-02
7.246856689941197360e-03
2.620312802187746426e-02
2.775655726973629694e-02
3.549880725438341739e-02
3.935698154335182108e-02
1.363620681339756391e-01
1.340833035004681817e-01
2.182063396619061402e-01
2.176419315747757655e-01
2.343773195920899055e-01
2.323145855385573277e-01
2.452650237032141523e-01
2.454663208488570836e-01
2.626240187990569463e-01
2.468936975987289228e-01
2.690522789833961759e-01
2.892763537267278307e-01
3.053830085557229790e-01
2.790705601402081459e-01
2.682482106200829164e-01
2.493595717963197900e-01
2.335975630861848451e-01
2.290872230257492703e-01
2.352597394184856583e-01
2.377098844532235244e-01
2.530170134674127880e-01
2.497636134379537520e-01
2.552431351934880688e-01
2.575610088961244881e-01
2.527201146341655491e-01
2.468673976046981133e-01
2.445281378392441807e-01
2.304672896731939091e-01
2.242424529742454986e-01
2.141955926555446366e-01
2.088576504807297951e-01
2.060194207772631236e-01
1.963753839817529157e-01
1.770648108470005977e-01
1.907517935449571100e-01
1.729720494344621218e-01
1.582789374913866620e-01
1.643206338517919640e-01
1.596223024331345219e-01
1.382106253443035893e-01
1.467233530700933208e-01
1.415241430851507387e-01
1.422983676685030952e-01
1.409309893420143678e-01
1.806440727262622614e-01
1.754288108885270203e-01
1.676758828671332247e-01
1.598836179745354302e-01
1.871902353494329374e-01
1.843273025405658683e-01
1.665195557666244441e-01
1.695276699849815605e-01
1.822903948814008912e-01
1.768598027460691613e-01
1.852905138872144863e-01
1.608469100473982893e-01
1.633849273681308722e-01
1.854167813245410079e-01
1.884813723192778345e-01
2.008538843299418342e-01
2.086946033731371941e-01
2.124289560746137617e-01
2.198315585429794494e-01
2.187640188788148587e-01
2.083599134660702457e-01
2.033677722598424831e-01
1.680437279535065553e-01
1.702980534717236649e-01
1.785997067671080130e-01
1.751721534660552471e-01
1.951181182414840898e-01
1.963270610880445688e-01
1.809587077149940326e-01
1.834742904755098936e-01
1.423018180998473770e-01
1.487320828034704723e-01
1.778768017430380766e-01
1.717297072903131439e-01
1.830319761336487716e-01
1.827847890406420206e-01
1.576114693920932230e-01
1.662587737429297441e-01
1.844367301039635809e-01
2.376206392303585602e-01
2.425778050631816896e-01
2.698207933950333981e-01
2.839789597673604282e-01
2.754099573764614561e-01
2.667538660461565292e-01
2.845985780090392048e-01
2.693480522391397680e-01
2.869180628661333610e-01
2.712123214880758360e-01
2.669302024428989450e-01
3.035658189724166900e-01
3.053416356362450568e-01
3.359438875819418246e-01
3.402907173786858253e-01
3.512600310005633553e-01
3.347715842324271440e-01
3.423052119523494752e-01
3.269402784065115752e-01
3.263916197172946898e-01
3.147315998310202256e-01
3.120748286300137342e-01
3.017541902941833221e-01
3.005581587609489347e-01
3.119137314294688212e-01
3.119927692224270799e-01
3.126454571513837544e-01
3.125032314298651914e-01
2.377877962836847658e-01
2.215407324474076012e-01
1.953595380479318244e-01
2.002385891179953858e-01
1.528322500382022775e-01
2.315483424822212810e-01
2.099908842195988834e-01
2.176758131991827772e-01
2.040936480931309638e-01
2.077940445337626840e-01
2.136973976059293179e-01
2.100731076292949306e-01
2.049539110250384599e-01
2.261335082271523356e-01
2.163832718936439803e-01
2.337966071745747887e-01
1.985648178458378488e-01
2.233302558366185020e-01
1.829084122927218115e-01
1.248535670971145095e-01
1.575170874089274475e-01
1.350236927024866251e-01
9.570157716207310095e-02
1.495285530089256187e-01
2.127401984271453383e-01
2.302914290924779617e-01
2.378806907606916821e-01
2.336379879367541934e-01
2.272531739912090065e-01
2.266952028977255729e-01
1.840107246448077216e-01
1.941602773958153727e-01
1.554197954388248926e-01
1.570396137022536109e-01
1.948995196489847759e-01
1.744510270471185953e-01
1.994869901649941046e-01
2.043910577109087079e-01
1.853115412834871190e-01
2.112861781833663410e-01
2.034044660549049477e-01
2.615580926982486454e-01
2.616992619315759994e-01
2.228253657164737667e-01
2.122534952361533889e-01
2.257450952457087656e-01
2.033891008417627322e-01
2.116178470106629961e-01
2.145621608083738696e-01
1.928894962599175533e-01
2.052525190003758326e-01
2.225220557745487548e-01
1.713095751954029633e-01
1.731775503708781194e-01
1.175498141388682111e-01
6.890067662294339923e-02
6.347421943964853819e-02
1.269281265228694999e-01
1.234150067383685823e-01
7.084649626296832259e-02
5.317765356741854105e-02
2.987400810738522622e-02
2.794113714074460478e-02
6.113505495047876805e-03
1.433898537443030474e-02
1.121030305068670962e-02
1.451140925517088037e-02
1.001563658776225864e-02
2.075061743933537262e-02
2.856362192154806093e-02
3.905453870688160856e-02
4.958984988636315483e-02
3.259235575266287988e-02
2.676174141520407807e-02
3.813427122133304648e-03
8.449904052723274800e-03
1.247219046002633579e-02
9.517374277977755717e-03
5.035498765224195872e-02
4.527009397782685157e-02
4.205801764102553436e-02
4.500068812050490863e-02
4.864253940359461459e-02
1.066341323112984102e-01
7.956779046728808258e-02
1.019152047681557982e-01
1.345413886416664262e-01
1.419810230825412911e-01
1.181162468253719455e-01
1.196359893932054663e-01
1.033244148803356410e-01
1.018446460096001649e-01
1.193423004135628213e-01
1.300140301283870536e-01
1.488928204532692368e-01
1.550588773121460984e-01
1.931943218499535819e-01
1.943218268722879671e-01
2.155368528766732905e-01
1.942247947976374345e-01
1.918477476847524898e-01
1.768895820655068118e-01
1.738289290650536223e-01
1.941187111800121989e-01
1.868724051156202270e-01
1.863630553639744336e-01
1.870404878322474151e-01
1.877547843609627953e-01
1.821325470760507548e-01
1.775386723992204707e-01
1.757684302318155978e-01
1.625032500947222180e-01
1.636225027912334151e-01
1.697298379382063682e-01
1.708402755432823494e-01
1.745756351923908600e-01
1.799050177895268054e-01
1.761614339994737599e-01
1.706383788144084090e-01
1.596473806599610912e-01
1.406328630219189080e-01
1.537631017064376993e-01
1.651574845911750744e-01
1.676318556137584015e-01
1.781725965738610862e-01
1.699015461079393108e-01
1.638367473694996301e-01
1.552868652394382987e-01
1.594962103068754133e-01
1.743546491568099543e-01
1.534005539271556251e-01
1.632528376564018613e-01
1.868396211584921196e-01
1.962995608915783230e-01
1.980172887243099866e-01
2.006983662566170223e-01
1.833365992701566638e-01
1.769414483296601892e-01
1.412375568902906608e-01
1.479260225168199661e-01
1.620306495167052607e-01
1.505135445658553339e-01
1.474457104379955918e-01
1.678947228439088835e-01
1.209980111744636266e-01
1.265257794358776722e-01
8.355833492668757190e-02
1.029650147424866630e-01
8.945391492887855289e-02
5.327964140920338210e-02
1.008683297809287865e-01
1.237351017007555926e-01
1.239504606477946358e-01
8.903905438334124012e-02
1.110015971476925600e-01
1.019764462199112404e-01
8.554017104747184408e-02
8.447793536360097277e-02
7.075411648437923695e-02
6.930788833676229665e-02
5.905476291599563721e-02
5.907908692931177624e-02
6.448671526921949393e-02
6.906246056153986235e-02
6.506243020720245407e-02
5.945040002339147672e-02
5.499849256505656009e-02
5.805845538483762891e-02
4.987426643579134095e-02
4.118820895309996399e-02
4.078009684280386321e-02
5.671832583835786923e-02
4.983344000919745498e-02
5.012311657180323898e-02
3.613957300444058107e-02
3.594244244174805286e-02
7.926597902938821438e-03
7.637275838677064221e-03
2.243636161221234521e-03
4.341759270753905997e-03
1.020668348793699227e-02
2.369029823554968939e-03
1.651364141996066598e-03
1.603847629863061272e-03
2.452608337405903782e-03
5.681601745569713272e-03
6.528208236461809089e-03
4.463765548493398017e-03
3.033191288690806689e-03
1.651963880661738021e-02
3.583350236098604980e-02
2.004662681719938250e-03
2.643408217377282710e-02
2.267908834076080155e-02
5.376673492561654527e-02
5.044395741329971150e-02
7.376261122004372506e-02
1.256613498632280224e-01
9.183723792939540997e-02
8.912682788746280338e-02
9.305435912993004210e-02
1.333998163776859702e-01
1.362045477161387130e-01
2.128459549941026374e-01
2.076593748469494627e-01
1.644282340479551741e-01
1.302980305233991110e-01
1.269038335617362623e-01
1.238520948485331424e-01
1.242592367194864655e-01
1.270458644097224310e-01
1.120934844141519005e-01
1.915662340108121448e-02
8.008550200163347399e-03
1.599302099279605732e-03
2.946393877905805619e-03
2.780838626332462343e-02
1.661933293667253869e-02
1.156135589666849525e-02
1.190459801118352520e-02
8.161076674500073597e-03
5.386899714724707050e-03
6.999036418147917479e-03
3.728691420544170791e-03
8.734528446613914338e-04
1.991210057621658341e-02
1.423898403348239881e-02
1.404442810413122564e-03
9.709792405172418261e-03
3.528009553214003780e-02
3.539120135252293159e-02
3.113535077738714685e-02
2.986467998182809266e-02
4.868279233059617100e-02
7.419937382430215334e-02
1.200119232945336262e-01
1.294731398404639910e-01
1.357504794981000962e-01
8.030673288057345316e-02
8.881663192338409840e-02
1.110193960595892704e-01
1.082946829669747674e-01
4.983400389259012853e-02
7.234933260937553845e-02
3.555223555041781003e-02
5.450190865354519187e-02
8.880324070503863021e-02
1.010541294040777360e-01
8.751759980436223108e-02
6.349194411954217632e-02
6.106025018874086663e-02
6.901419134151381973e-02
8.300169574087847002e-02
9.306540953900366286e-02
1.029797743696733991e-01
1.116139358651625363e-01
1.097752149087064533e-01
1.140814064638631387e-01
9.228256191726867674e-02
8.499230387371091433e-02
1.151945693890500666e-01
1.201468734622025275e-01
1.142258890357846501e-01
1.134984665887784488e-01
1.087638995303991246e-01
6.558592915483178742e-02
9.106512296610703994e-02
6.070791129656213925e-02
6.326560958582271021e-02
1.023501459189716661e-01
9.339606478312638405e-02
4.230779982240892578e-02
3.745479774393948441e-02
1.234014146145140899e-02
9.444356266422399004e-03
4.113410797491297288e-02
8.777203427875278352e-02
9.381267453618932772e-02
1.024925847406326918e-01
1.016895786633243842e-01
9.785834222749757727e-02
1.003432925483332960e-01
1.031279496641897830e-01
9.069950761054498822e-02
8.557362908772682408e-02
8.075340991051399575e-02
7.595779104068024756e-02
6.930665497495938632e-02
7.802216871013822885e-02
8.224008924221599959e-02
1.158570929755266959e-01
1.298349695786744085e-01
8.207073911781440079e-02
7.791171751323432149e-02
7.262902719755470748e-02
7.794767507846465937e-02
7.733197922716117390e-02
1.449282058650000482e-01
1.376248600023939062e-01
1.630212525515321864e-01
1.817388488654018974e-01
1.787238071653914351e-01
1.023521372428443654e-01
1.228541176137938201e-01
1.410701234411759208e-01
1.240116391842310400e-01
1.183391230892028856e-01
5.524641803043731092e-02
4.767898797481250062e-02
9.349502905840741812e-03
1.360255095932079786e-02
3.925406352675622768e-02
3.738305703102481892e-02
8.859522020834283140e-02
8.958504454795418459e-02
8.083554284069463525e-02
6.348470574098230568e-02
8.427625269770057381e-02
7.732385449229378649e-02
8.917010435171873750e-02
1.014303167946379175e-01
1.118493976095987080e-01
1.436442110759179325e-01
1.690780803809680544e-01
1.728602224491756212e-01
1.550512405919131920e-01
1.666578915438255704e-01
1.470249912462134600e-01
1.473575446012188317e-01
2.098999605784839517e-01
2.207355897014775525e-01
1.691709458964214541e-01
1.852265055910568003e-01
1.990704713684700589e-01
1.976698845328381249e-01
1.614698795522244712e-01
1.632729689496439929e-01
1.330380385399820009e-01
1.168524016263898374e-01
1.166288988027548712e-01
1.205338397529011202e-01
1.232499757211098224e-01
1.246568074623968098e-01
1.406852769476399090e-01
1.837807366657039088e-01
1.598244328547326898e-01
1.201250521472789212e-01
1.246354121319317720e-01
1.158710986733483134e-01
1.100226720221906818e-01
1.238872493203354852e-01
1.233958839255345497e-01
1.169382904298625625e-01
1.332794859823673572e-01
1.492413820996771057e-01
1.164787856420580886e-01
1.113888427779529955e-01
1.324683761852861186e-01
1.362046288300799435e-01
1.103774080674492647e-01
1.135356028794122230e-01
1.151608302704270614e-01
1.143389690454056501e-01
1.385198396601854676e-01
1.403229803061712411e-01
1.657722720647571146e-01
1.618986975981482612e-01
1.604587153483168771e-01
1.614720562329852727e-01
1.406594107904955426e-01
1.534152387192002642e-01
1.840584183463029877e-01
1.550201922096250129e-01
1.631243804608970283e-01
1.577170961328206722e-01
1.602655725381153529e-01
1.708182039167918387e-01
1.711209916632386585e-01
1.399631450808179467e-01
1.479054874344428727e-01
1.517212377351150887e-01
1.544318309711604220e-01
1.519216956603116897e-01
1.519014572654528161e-01
1.525700992961069591e-01
1.572564004193404141e-01
1.650334145582555978e-01
1.720635099698835102e-01
1.661645802678549666e-01
1.587557153578453284e-01
1.544885023425247583e-01
1.260583216969581866e-01
1.334165195398180348e-01
1.671274061439727565e-01
1.815050067248635546e-01
2.041561997521504634e-01
1.912769862087985162e-01
1.973006918144087074e-01
1.932650669770105967e-01
1.948251692452996064e-01
2.286735937389786089e-01
2.428034949284807453e-01
2.439016805134223143e-01
2.512921181542911442e-01
2.399087825428105614e-01
2.213847370367536260e-01
2.317807061474022046e-01
2.200798661862215233e-01
2.182548961809820109e-01
2.353135936254380500e-01
2.372123225439588257e-01
2.280712403308275127e-01
2.260590669681406262e-01
2.233138368535114715e-01
2.340976683674634296e-01
2.268797889556345426e-01
2.199737495468918613e-01
2.221052584241401950e-01
2.144716137757060048e-01
2.179842109900176628e-01
2.154508362716682779e-01
2.197336433335569938e-01
2.228715930879874851e-01
2.243651050696392202e-01
2.224999106063464960e-01
2.099936877765015697e-01
2.133744176994083752e-01
1.736533756938698214e-01
1.656870871128388600e-01
1.894439230575780952e-01
2.019899766170570599e-01
1.786923626431784484e-01
1.722892057844247482e-01
1.579270809898366545e-01
1.909859918836835369e-01
1.897594316078446974e-01
1.913875481827055358e-01
1.784615841049627949e-01
1.882992448333622171e-01
2.216832022051274942e-01
2.317029142978015432e-01
2.221369222769742635e-01
2.213029480676425853e-01
2.298613828835153750e-01
2.290364239706968175e-01
1.920788752808854638e-01
1.884376478029603508e-01
1.451383926386539680e-01
1.647361610084056294e-01
1.506354329343041198e-01
1.848262076799264131e-01
1.834195131090167463e-01
1.649382023124729979e-01
1.533902113617596763e-01
1.555621392973184358e-01
1.486982177670405081e-01
1.265079800960748346e-01
1.287840169511807464e-01
