9.999999999999998890e-01
9.989519372583914869e-01
9.997545763719356549e-01
9.942329619957706033e-01
9.891127865501888605e-01
9.858917861164108176e-01
9.827660517076127755e-01
9.679911934435772025e-01
9.838192674279531147e-01
9.864470796136797226e-01
9.844237132937175838e-01
9.748894939129806314e-01
9.688991423434845096e-01
9.737274973827745317e-01
9.481761904810199759e-01
9.486817097550568345e-01
9.120949358625466408e-01
9.241719859728745323e-01
9.056300709852981301e-01
8.941934051617705936e-01
9.211333270268856621e-01
8.747863879244252017e-01
8.744695051189498303e-01
8.388049735908953419e-01
8.439029093574732521e-01
8.265451059073013473e-01
8.387141679187388732e-01
8.327702916923930276e-01
8.014833155840290768e-01
8.177432658188502623e-01
8.162371516262476590e-01
8.160791851083709636e-01
8.124476388780095260e-01
8.190863835092828671e-01
8.002932583079074291e-01
8.056153522127751376e-01
8.231018185421868916e-01
8.192883763022894561e-01
8.237835716226752369e-01
8.280243939236094919e-01
8.260688237794611144e-01
8.274289418985546485e-01
8.254492149827254988e-01
8.163321844103826885e-01
8.166980371501010305e-01
8.134065628918401014e-01
8.109475535672840962e-01
8.047897874108173033e-01
7.871911544388187076e-01
7.883865237202233311e-01
8.015179003097333554e-01
8.039455948371461158e-01
8.214296873694605372e-01
8.170417531410685275e-01
8.220017479667341975e-01
8.073142754787299147e-01
8.117855899855527246e-01
7.890801967841354347e-01
7.937515319789807400e-01
8.024137094779112411e-01
7.848719568270340341e-01
7.870646887596403074e-01
7.707381571309204205e-01
7.702754689581504666e-01
7.818448911974441584e-01
7.868470552197687207e-01
7.829207478090433048e-01
7.865028863437698581e-01
7.859823650831248010e-01
7.791729706322565452e-01
7.740857945470648316e-01
7.741437025739704714e-01
7.795563014823522208e-01
7.797155312158216001e-01
7.759519302715058853e-01
7.707463367146402122e-01
7.747951066071201431e-01
7.861294218827959979e-01
7.855944541669885872e-01
7.807752114201453875e-01
7.766163887962278523e-01
7.719355610168623372e-01
7.747716309274832458e-01
7.741600847482627001e-01
7.817914849850482462e-01
7.757489242944535235e-01
7.771398972234905278e-01
7.593236841637253098e-01
7.662906747035996835e-01
7.479701464676149492e-01
7.460848156371907569e-01
7.681294277973320650e-01
7.683909806214199723e-01
7.667817698573724527e-01
7.689050562380934650e-01
7.598007962409740745e-01
7.522662926243290915e-01
7.523951351024547041e-01
7.480801255541883465e-01
7.486094694749914069e-01
7.366938142296439729e-01
7.324367287753921207e-01
7.486655986587681388e-01
7.572865702893710749e-01
7.555272925747070767e-01
7.619134712576534074e-01
7.616875035836807584e-01
7.534832583305431930e-01
7.422764364039593499e-01
7.406537733114156863e-01
7.293938829550420389e-01
7.179120624217908420e-01
7.372017176061573807e-01
7.331455915507003596e-01
6.994499476576965247e-01
6.858454729330483168e-01
7.020338182479254341e-01
6.963272919123568716e-01
6.608531600978794218e-01
6.599881765478021745e-01
6.706777747962010539e-01
6.723356513317307881e-01
6.666907825636592122e-01
6.341906311597850232e-01
6.244013698601520446e-01
5.998223174222445664e-01
5.792080253395549549e-01
5.701612924895105294e-01
5.745873158714608353e-01
6.108094015606259086e-01
6.108938518831500408e-01
5.967527277033453093e-01
5.915676422473769014e-01
5.839428157487274174e-01
5.844458433948368503e-01
5.963955268368053009e-01
5.925787592406628335e-01
5.804444188743943522e-01
5.949468319213144785e-01
5.648063058794633440e-01
5.604277651127644866e-01
5.516389098621501397e-01
5.469587197346569285e-01
5.442848293060822407e-01
5.557706806581824699e-01
5.472756862846449577e-01
5.548379884637194559e-01
5.497363436425529715e-01
5.453989006642009363e-01
5.484020224272548871e-01
5.545422688965020441e-01
5.548289774670589480e-01
5.484704652987290041e-01
5.489892995332346093e-01
5.541560222590756757e-01
5.544107447044167580e-01
5.580527105997499238e-01
5.550670455295444450e-01
5.542202963854933051e-01
5.427804078342446381e-01
5.426217182221594326e-01
5.416056344208091122e-01
5.388810649955771970e-01
5.328325001193234822e-01
5.319001917194852158e-01
5.246965968751928777e-01
5.185934596241390526e-01
5.213076217115889532e-01
5.279891337215116831e-01
5.305059569975635325e-01
5.226737377812324947e-01
5.260228642144333389e-01
5.172423754179992228e-01
5.222814686596167766e-01
5.259007696559988565e-01
5.259902565316446621e-01
5.267170692216601724e-01
5.236907806011038558e-01
5.213169459906049630e-01
5.202806877982277811e-01
5.127127031521099276e-01
5.121958510217905491e-01
5.146492843895609237e-01
5.149871476646746826e-01
5.095860501186764147e-01
5.120863987792105831e-01
5.139020203227090411e-01
5.179901180139128147e-01
5.151531752541251841e-01
5.123568711404803411e-01
5.138543516601702388e-01
5.189178283653885781e-01
5.187339353752927762e-01
5.162201882855955715e-01
5.116353902284116462e-01
5.115231320459684428e-01
5.157670988117373234e-01
5.105825719189992506e-01
5.131829014852730131e-01
5.177224843135145305e-01
5.176859966235918264e-01
5.129739162524953322e-01
5.121953338879070561e-01
5.166820905848972245e-01
5.147334427818096581e-01
5.146629950392551667e-01
5.126593226305944384e-01
5.124204595375629889e-01
5.113230733563530750e-01
5.068238966759300856e-01
5.046357348324326253e-01
5.057207384635763470e-01
5.033989165991474835e-01
4.885413208624364567e-01
4.833249835471655764e-01
4.973479289814370374e-01
5.009805250317983516e-01
5.020115053981378805e-01
4.949810654066076343e-01
4.853045392336241548e-01
4.885388803932455004e-01
4.520030907383504881e-01
4.543078556370633292e-01
4.669910429993241463e-01
4.690383134150033495e-01
4.891489146012167333e-01
4.838446178013782184e-01
4.729774266883707279e-01
4.833436344330012679e-01
4.837806993152349855e-01
4.794231387066474892e-01
4.810830453378837079e-01
4.749101919256120130e-01
4.752799792160041781e-01
4.641125928633466624e-01
4.666857064920756359e-01
4.583034569594497953e-01
4.595391648121263106e-01
4.715578423391587615e-01
4.712185642902514959e-01
4.507221763099694689e-01
4.477740953790110279e-01
4.344320841805066613e-01
4.348692556381004715e-01
4.318814949480782039e-01
4.294468813740157098e-01
4.227632133347163368e-01
4.230896119339990213e-01
4.179392494086591192e-01
4.151407104548775484e-01
4.267086683418579995e-01
4.515517686074438930e-01
4.524642031942227027e-01
4.563481205583931333e-01
4.517744548611768440e-01
4.562414949226617500e-01
4.462419564548458228e-01
4.467094457891057080e-01
4.548574874592573036e-01
4.575094055747726540e-01
4.529592700282811801e-01
4.553380746232588150e-01
4.602725854300605546e-01
4.624992931758417636e-01
4.605279887082969759e-01
4.593141196619356381e-01
4.555959675426688449e-01
4.587241265019659231e-01
4.538380784287174841e-01
4.523438920841717503e-01
4.507547160094214633e-01
4.530516737600612243e-01
4.596427557636650896e-01
4.589479916760889067e-01
4.565878292906778158e-01
4.538996829999834559e-01
4.554858400857277334e-01
4.477260594731182763e-01
4.415782212739914336e-01
4.358432948096383486e-01
4.413330330508072330e-01
4.414647519200128878e-01
4.305585603230853708e-01
4.269839347807851127e-01
4.185381705456898693e-01
4.219805040475568814e-01
4.421233903075989513e-01
4.411201915552521169e-01
4.378219312366228300e-01
4.353044798697264794e-01
4.371058939383443698e-01
4.327870992707760767e-01
4.293956326612254348e-01
4.392042359286648656e-01
4.282060801945596351e-01
4.182883527243538291e-01
4.238432846921025843e-01
4.252565022599096856e-01
4.260728112894789921e-01
4.061649097101244221e-01
4.028499085353439146e-01
3.762045212904995273e-01
3.871422340202915202e-01
3.844662536536266328e-01
3.733414365662083290e-01
3.766113475108276432e-01
3.614025590379502106e-01
3.672405840529288645e-01
3.820479229601191906e-01
3.840649956511495988e-01
3.913898169699379093e-01
3.871379076091921445e-01
3.860956021266129246e-01
3.934733696875923337e-01
3.969870130991993151e-01
3.922747796363035278e-01
3.904241472164660665e-01
4.092237421926449570e-01
4.123702098248684944e-01
4.171582847486731693e-01
4.160469039836807714e-01
4.050359795771906746e-01
4.063652255183931583e-01
4.122742235960138446e-01
4.121998928415153141e-01
4.223907229345294501e-01
4.221625547528333189e-01
4.141505338037521633e-01
4.137261462921757449e-01
4.086019823219765867e-01
4.083330499293009175e-01
4.006793353633839039e-01
4.009057218289131530e-01
4.161392518082461245e-01
4.143645814015171625e-01
4.202605828989849912e-01
4.177111184452991788e-01
4.269786493789875514e-01
4.306088458883321479e-01
4.331316348377045600e-01
4.410843983670520441e-01
4.409143676438799786e-01
4.411709268420475061e-01
4.378528732825775482e-01
4.380173060226369430e-01
4.386354435414320796e-01
4.385823583580761298e-01
4.350468279364025914e-01
4.332254437472878861e-01
4.380195774978222212e-01
4.326667414225470187e-01
4.287809031818965999e-01
4.328462339089344524e-01
4.310151738806464183e-01
4.310648190808766267e-01
4.306935808273852362e-01
4.358256229309448448e-01
4.343326788189256216e-01
4.360802481933848673e-01
4.368519933279979561e-01
4.378985755078940167e-01
4.445495046952166462e-01
4.405670271765569912e-01
4.412017541094189199e-01
4.330362272032226567e-01
4.325488466425593259e-01
4.277527430886928217e-01
4.279782284516280844e-01
4.277256651917078489e-01
4.272518321104468164e-01
4.286553248369509017e-01
4.263507666371785798e-01
4.272388816137318024e-01
4.256602906563968225e-01
4.281018105547385044e-01
4.279526737552519222e-01
4.268825641163805917e-01
4.257917707282073971e-01
4.250586621247324226e-01
4.237984087642242548e-01
4.226432103014249320e-01
4.251150059516327628e-01
4.234342646659781662e-01
4.157334322896084067e-01
4.139961968061414699e-01
4.203829547857430571e-01
4.215050758383010465e-01
4.240392050511358479e-01
4.241992581417184938e-01
4.234433062010307114e-01
4.242623180904013802e-01
4.246573017173037590e-01
4.226822224164207831e-01
4.222250067854383948e-01
4.231667900266585791e-01
4.234876263339634184e-01
4.221511327461914820e-01
4.215947234072350280e-01
4.175734195797153325e-01
4.133204071755358089e-01
4.144589446089594342e-01
4.044769236418758740e-01
4.046743833081694053e-01
4.082621374789055513e-01
4.067399906842111279e-01
3.919759827680273090e-01
3.889429161084602127e-01
3.882397434560613259e-01
3.782178234468465683e-01
3.783208967064836670e-01
3.919097410012405969e-01
3.934047420828167829e-01
3.779573350277231070e-01
3.758042200388488352e-01
3.792519664229367371e-01
3.774077517233336287e-01
3.661199128462233610e-01
3.576846296398234482e-01
3.556157318537358503e-01
3.643440131818374561e-01
3.645222153296472367e-01
3.621064994815336724e-01
3.588062423091432640e-01
3.533254493893823178e-01
3.526308235247402334e-01
3.515116125828488536e-01
3.505752400651199752e-01
3.486945024822992734e-01
3.446181603575929064e-01
3.463260359843045588e-01
3.345719818346206686e-01
3.378992887310252602e-01
3.278191213737502441e-01
3.288193908640100194e-01
3.167095113624855407e-01
3.014813136398226678e-01
3.007513734157876706e-01
3.003270699404404498e-01
3.029458779346225761e-01
3.039965129601481242e-01
3.018336032898456534e-01
3.018719746724201625e-01
3.017594123715700016e-01
3.084405608068707116e-01
3.136470929187510914e-01
3.168409147485276023e-01
3.152011477298610198e-01
3.164624298098912547e-01
3.121431532758445759e-01
3.119743427446886597e-01
3.130420858247199289e-01
3.150443827787239859e-01
3.159813830388695788e-01
3.159328783997323864e-01
3.143320483515552044e-01
3.133479044338713937e-01
3.246221251983777978e-01
3.247279879078493470e-01
3.320881208263553597e-01
3.322530043116616594e-01
3.300765554776728949e-01
3.277923975082322472e-01
3.269790037041394593e-01
3.185676784967564346e-01
3.121373039297012375e-01
3.194451926555659238e-01
3.219663497757829784e-01
3.006640472634709016e-01
2.965252688581638263e-01
2.613749996731314362e-01
2.517749234460411323e-01
2.810771860356450769e-01
2.726896928840854550e-01
2.802828033925709450e-01
2.727885456846503298e-01
2.739708963177054923e-01
2.895615512623557208e-01
2.911345657943723575e-01
2.957459732199470559e-01
2.997787839711866797e-01
3.026271456452940822e-01
2.929936860748652561e-01
2.898105884809076827e-01
3.038477610589294109e-01
2.955868043806684775e-01
2.758293660535195979e-01
2.746143122353664756e-01
2.569131960219426802e-01
2.472177218327264170e-01
2.579236543220503330e-01
2.573664809239054052e-01
2.494426839132246054e-01
2.543938823305328945e-01
2.546158405057009078e-01
2.443006114968327147e-01
2.469581034383848961e-01
2.342607453050820909e-01
2.373319130932498300e-01
2.259747435394412474e-01
2.286568038774129397e-01
2.274887230556087159e-01
2.255830447102563918e-01
2.191732941305537530e-01
2.219407265096899895e-01
2.164380993112829388e-01
2.158968808299731035e-01
2.139584268061522354e-01
2.141891830599147728e-01
2.067719730341819329e-01
2.075262908146974228e-01
2.086696918862841754e-01
2.088912611356678606e-01
1.995615261316012190e-01
1.995193714260713458e-01
1.945722020308717215e-01
1.953091754457516316e-01
2.025781570874671533e-01
1.937770043680085708e-01
1.923214405718245423e-01
1.912896835732594003e-01
1.940374905548952478e-01
1.989192294988355036e-01
1.978299778711993806e-01
1.998820248516205988e-01
2.042109373981719489e-01
2.045450743306839458e-01
1.965428836195977635e-01
1.963497722738641316e-01
1.985870127989498857e-01
2.000531003990090040e-01
1.861010890543616514e-01
1.880002855176362286e-01
1.993075951153011061e-01
1.988287388122758348e-01
1.945790659709641657e-01
1.949397612716674555e-01
1.889589699069417761e-01
1.946985252737473138e-01
1.945227899867544297e-01
1.957911567309003065e-01
1.946716864598895813e-01
1.987621702043158578e-01
1.970402990140112942e-01
1.999948688561666299e-01
2.045146340988100719e-01
2.054319940113275567e-01
1.990598047586510377e-01
1.971193255440280012e-01
1.975380597097568525e-01
2.010508920346000261e-01
2.028828795121513373e-01
2.025597289591989925e-01
2.001966621113176470e-01
1.990192078939744813e-01
2.013641251871429172e-01
2.007984631500242534e-01
2.018666495563611329e-01
2.030757517667009238e-01
2.048588827138831114e-01
2.037349881473073110e-01
2.040034023497459270e-01
2.018185428095925771e-01
1.976731652669159733e-01
1.969829890421024299e-01
1.954167170343421300e-01
1.956981615360436910e-01
1.988170660236810716e-01
1.975214149139501996e-01
1.980661063627093266e-01
1.976537631440352105e-01
1.939870060381372885e-01
2.012204989062172655e-01
2.006388075686433847e-01
1.935782215145521179e-01
1.891325102722794527e-01
1.808109422476238404e-01
1.812800199360228848e-01
1.845824121216326774e-01
1.846504033261672506e-01
1.913410796048552187e-01
1.866074915850072236e-01
1.902639398417532157e-01
1.863293991646405856e-01
1.883431427168555938e-01
1.841285221106016556e-01
1.841821042366181271e-01
1.768834032240281517e-01
1.777826888115634774e-01
1.810571756879494898e-01
1.837031955692370322e-01
1.778770246575679115e-01
1.771805459059237198e-01
1.775924839800986921e-01
1.777998324445710654e-01
1.776071585424866262e-01
1.773583902312242666e-01
1.730440720683476263e-01
1.738257454483074504e-01
1.806856679167259394e-01
1.801713562197612140e-01
1.822192075005082401e-01
1.817530483932755236e-01
1.811151339430544793e-01
1.791908420076916419e-01
1.755913471845925999e-01
1.801940423934786928e-01
1.834562039209408912e-01
1.844123936439188149e-01
1.839597172868630837e-01
1.811355771324122121e-01
1.817025742877021455e-01
1.828655942487057429e-01
1.784708217222773230e-01
1.790830709434049206e-01
1.817482745434867430e-01
1.834446525505830372e-01
1.859538000787016865e-01
1.856237051789191017e-01
1.854526696390515761e-01
1.836668118094801905e-01
1.817418310226372458e-01
1.779376615997909084e-01
1.710906852733785066e-01
1.717697180962760584e-01
1.727468952789116274e-01
1.672067711453074368e-01
1.678998329144593959e-01
1.707559886223073420e-01
1.677725796805411840e-01
1.753231332872728088e-01
1.748359740535741502e-01
1.820041939739445724e-01
1.804597544793377917e-01
1.926368138466303392e-01
1.907715824092877099e-01
1.922942299254548626e-01
1.950950596391906322e-01
1.914938157177867584e-01
1.954975632661535845e-01
1.976239101587378977e-01
2.015265125295027382e-01
2.025887720628030131e-01
2.043868179771655691e-01
2.024696354095394946e-01
1.998302093121985534e-01
1.990831937408397423e-01
1.988148965076521335e-01
1.993352337976029010e-01
1.992826747749698590e-01
1.926496056103256804e-01
1.938511225758822176e-01
1.952495344812205103e-01
1.879317439788173727e-01
1.868241257753400220e-01
1.834901671289493885e-01
1.847088191356003883e-01
1.820591754755370439e-01
1.902189290933597177e-01
1.925238147922376242e-01
1.926099762344746225e-01
1.932391036094777970e-01
1.920396674912064061e-01
1.878153726680401592e-01
1.858200071147912413e-01
1.867091865425219710e-01
1.827039907043415679e-01
1.796105779303300010e-01
1.798451546682260371e-01
1.862785685135200930e-01
1.878615951800644557e-01
1.815441836909422735e-01
1.810949741350789677e-01
1.825739045665557836e-01
1.758539038291537238e-01
1.689295652982812923e-01
1.633031046541476017e-01
1.678142701149140659e-01
1.690275105401050360e-01
1.666061345315477393e-01
1.537181968973783952e-01
1.546770435952576905e-01
1.728216145994822261e-01
1.723293174071648948e-01
1.732545471546767801e-01
1.742377775236523263e-01
1.806048116711345963e-01
1.813177641188072065e-01
1.979840717493222824e-01
1.867464350962573794e-01
2.033137095148681017e-01
2.005099032850527208e-01
1.988908567166116637e-01
2.090321327294634712e-01
1.889658691740188634e-01
1.734544289213927337e-01
1.777147298302211298e-01
1.774418721524150533e-01
1.789396337768892897e-01
1.981766454893960916e-01
1.984645105332002168e-01
2.182658587242570225e-01
2.176572135000225672e-01
2.057498071747985713e-01
2.039340832334049225e-01
1.988236901094572184e-01
1.826914483186019567e-01
1.855203106446370875e-01
1.670655011956244107e-01
1.562173124566012539e-01
1.630432210440959095e-01
1.555122488095679323e-01
1.543219757729052677e-01
1.533004639536482694e-01
1.708186823381663555e-01
1.718988169652298503e-01
1.771403501439152983e-01
1.764819651141253942e-01
1.611419957606471109e-01
1.560769952635536473e-01
1.460251570973558344e-01
1.356974356980551188e-01
1.360310748592208629e-01
1.476417521738994376e-01
1.498110803199698693e-01
1.623408146530389562e-01
1.566681390649680428e-01
1.618353827992661531e-01
1.685723185887339493e-01
1.710393127557600368e-01
1.711183792034954299e-01
1.695110597599111257e-01
1.667210218184154713e-01
1.673595224719068020e-01
1.650770571411148968e-01
1.622923165776489762e-01
1.619508754827618524e-01
1.539510963884677397e-01
1.559321205757792927e-01
1.442900854575215885e-01
1.372243141924178178e-01
1.280342050778252028e-01
1.245367827858598064e-01
1.105128161279055887e-01
1.025268161039155496e-01
1.067197680836194096e-01
9.085756794850891049e-02
9.103904066317762556e-02
8.856679650178357621e-02
9.179692521518935389e-02
9.557757369095090660e-02
