1.000000000000000222e+00
9.478156532532889811e-01
9.445347420444941688e-01
9.230293773378633881e-01
8.410090132413785557e-01
8.696733976407898803e-01
8.612858626835688813e-01
8.111075548791942813e-01
8.641134393787831547e-01
7.331074950940780210e-01
6.092397016435662227e-01
6.090912859290096293e-01
6.154199295944366987e-01
4.820600956885980337e-01
4.084510808828867301e-01
4.465573951097856487e-01
4.296460422930489798e-01
3.858090309444044408e-01
5.494289034482250367e-01
4.842000701936844953e-01
5.222911459344735663e-01
4.806840175274180726e-01
4.603940753775948025e-01
6.506750380220316377e-01
6.695245489785124349e-01
6.157875719914706059e-01
6.236007778477622443e-01
5.966817466481230126e-01
6.435791937498466231e-01
7.965867175603220662e-01
7.196558988481545072e-01
7.155479711445461577e-01
7.405764600015994903e-01
6.779823533474921282e-01
7.339982294371326654e-01
6.526363418454309562e-01
6.184033471869729848e-01
6.104653983024911357e-01
5.591932298502452214e-01
7.658720859787486734e-01
8.261022703989042704e-01
8.011968083824957398e-01
7.826473227369262764e-01
8.486941173217640300e-01
8.854500712964152864e-01
8.940696487218612321e-01
8.940704285579084143e-01
8.815899641789766150e-01
8.534528327952813909e-01
8.478989196177246779e-01
8.329219516927298672e-01
7.856031211563598848e-01
7.003393501172393565e-01
6.738276517423296141e-01
6.585487105064282698e-01
7.223761488311023493e-01
7.299576428130031269e-01
8.463097614260057799e-01
8.686742585502450487e-01
8.355995808181210238e-01
8.950406897012501695e-01
9.326325293337827116e-01
9.578326758149583453e-01
9.479004296778668071e-01
9.059370941336214456e-01
9.583890463421818051e-01
9.649539168965282077e-01
9.721799126342840491e-01
9.721894731874424211e-01
9.722512844034464363e-01
9.668022594279195303e-01
9.755296082615878550e-01
9.778911230964824064e-01
9.740838747582255541e-01
9.708539638579114506e-01
9.436686636059201660e-01
9.657700198266235825e-01
9.743742799976153890e-01
9.635229384871063507e-01
9.603611720865214973e-01
9.634746580181698938e-01
9.429513897039867310e-01
9.458554150273047467e-01
9.028324412002350918e-01
8.964548962295351142e-01
9.046432078218318296e-01
8.574931538618956184e-01
9.407677352476268018e-01
8.371143476351652346e-01
8.944326110820961517e-01
8.932638202223355250e-01
8.778092713235696731e-01
9.351739199290908244e-01
9.404696172501961771e-01
9.743871688523592089e-01
9.629016471907834163e-01
9.830194583564617616e-01
9.836501871898374327e-01
9.745883042843415112e-01
9.753493687757210928e-01
9.328680185767879163e-01
9.293694090638350280e-01
9.439802769320151388e-01
9.356873772291213198e-01
8.920392495687291534e-01
9.162962920029011915e-01
8.345421333689418963e-01
8.894990208248043650e-01
8.840104763592601111e-01
7.906226775013630581e-01
7.715176033469542949e-01
8.400237772060417107e-01
8.346489341175770127e-01
8.555898555448977483e-01
8.269633707077034268e-01
8.506330528937764424e-01
8.424694037364758303e-01
8.663665315102038189e-01
8.798598255855032413e-01
8.789412651395119846e-01
8.599849749893874185e-01
8.729953862310212420e-01
8.705510481554944446e-01
9.140478485230069117e-01
8.754915428321462523e-01
8.539541952101424860e-01
9.071480439922829930e-01
9.006654095482202749e-01
8.751201064990459244e-01
9.082006957078175846e-01
7.572602715428971010e-01
7.683647689009791559e-01
7.535401244535669951e-01
7.244570864920441000e-01
5.644480851933659782e-01
6.815129458472154456e-01
5.487130848743339007e-01
5.554325597486968746e-01
5.447911022610794074e-01
4.416624243464526978e-01
5.032027607506511790e-01
4.258965089417693917e-01
4.215642316379208387e-01
4.716453990484409386e-01
3.481387405005450519e-01
2.923692397688196776e-01
3.714165875360340707e-01
3.552097909883402682e-01
2.546754958583161699e-01
2.387497738110743173e-01
2.165770359237329523e-01
2.424910334942058654e-01
2.708362927963235411e-01
3.765391328794814307e-01
3.684931009233930466e-01
4.021884964335575852e-01
4.128241349792702852e-01
3.608975419801592199e-01
3.231355217643145927e-01
3.175477968771216464e-01
3.237267510168957974e-01
3.294873018868685888e-01
3.509307326627637003e-01
3.633484291335363769e-01
3.522423140114450124e-01
3.605453172746078128e-01
3.439856642443144263e-01
3.474822963265334907e-01
3.435736125322387813e-01
3.489594280659876757e-01
3.760724779168790888e-01
3.669280063730161467e-01
3.491642793727827709e-01
3.468064906493597555e-01
3.400507297523557293e-01
3.471776575020512068e-01
3.415965073844820510e-01
3.352082395288074057e-01
3.487129772959569052e-01
3.352687269185093411e-01
3.606488545166844362e-01
3.834535772755421346e-01
3.718579626230614221e-01
3.055422684101308795e-01
3.402801768461708454e-01
3.420238205198078418e-01
3.405377748237989888e-01
3.792783251495606689e-01
3.921057932724257844e-01
4.625672089650261776e-01
4.801194348707288340e-01
4.690005650208460275e-01
4.503535331166588218e-01
4.478954768705452061e-01
4.248267530328553865e-01
4.203849809688358086e-01
4.191284332805464419e-01
4.366553871470478243e-01
4.967361922133370911e-01
5.428484660688005503e-01
5.205310906260820492e-01
5.147172098963441744e-01
5.532934526020963917e-01
5.754075511592267045e-01
5.780728458216455312e-01
5.415575882541606711e-01
5.720675146075963058e-01
5.730789461141507779e-01
5.487136138250835460e-01
5.403415563376249287e-01
5.162825119673750685e-01
5.046073121006644513e-01
5.579616143479327883e-01
5.760515427117274267e-01
5.749115469646784993e-01
5.737204971278319077e-01
5.705026176773407842e-01
5.656338934352642678e-01
5.852807720091802723e-01
5.883358024585434443e-01
5.830485221407184504e-01
5.828735207998801959e-01
5.858047677457099978e-01
5.456201500830586415e-01
5.641050958623908818e-01
5.644472444685333379e-01
5.530696804818424628e-01
5.531005832261212118e-01
5.461367751212893307e-01
5.405914898255360646e-01
5.312072185390378509e-01
5.387804296702125573e-01
5.282151413405268281e-01
5.476664177305200498e-01
5.375263255517233052e-01
5.767480408884938514e-01
5.740248493376186589e-01
5.675327126810555400e-01
5.355165669690292729e-01
5.364282148476384737e-01
5.393566687283403160e-01
5.211473115982229176e-01
5.393977545337893531e-01
5.100363318226551756e-01
4.880772908987903169e-01
4.887737044706796929e-01
4.856047767756637712e-01
4.918250379236773773e-01
4.889382921444905827e-01
4.949725436109363441e-01
5.112238569193116033e-01
5.038029102185214159e-01
4.896445158066208281e-01
4.621422311674489025e-01
4.673791134591328555e-01
4.807308021131220244e-01
4.547865592995866124e-01
4.783662165714517855e-01
4.709152090819517245e-01
4.614941351467490849e-01
4.481138376879483798e-01
4.537857209009163451e-01
4.673856911858761398e-01
4.954705683309769126e-01
4.974680632677099812e-01
5.036195716742390971e-01
5.085594452661518217e-01
5.063413388137427695e-01
5.024777266574785850e-01
5.026751288300284060e-01
5.001763369321242658e-01
5.007674149309853107e-01
5.048776024074270730e-01
5.089903918072424815e-01
5.072864005822135258e-01
5.088988512538930031e-01
5.090028434150012382e-01
5.101611572197802813e-01
4.913602381260501750e-01
4.872829432948648232e-01
4.786333690887193959e-01
4.780298534928562049e-01
4.728445887321570673e-01
4.964379373115622163e-01
5.023877185753546915e-01
4.857145483080676507e-01
4.429003615705395247e-01
4.286651823582349197e-01
4.248728088342649256e-01
4.008034582301557847e-01
3.687673802205216345e-01
3.077634244826552568e-01
3.062459999479845707e-01
2.968651957458173785e-01
2.843578478044654356e-01
4.012336482130410276e-01
4.101834994655658706e-01
4.058217902881865458e-01
3.808665260836136546e-01
4.005255097525767805e-01
3.896153568198213457e-01
3.604840934152829246e-01
4.328193073548722847e-01
3.826679639948853962e-01
3.584372546209881327e-01
3.588326893711866195e-01
4.171616532568927505e-01
4.201801328997132323e-01
4.851478873504965761e-01
4.241866791773928336e-01
4.335387494377637707e-01
4.495959786084355314e-01
4.119609854587971132e-01
4.864018283735450643e-01
5.051757399229962475e-01
5.124141776615415145e-01
5.319073162288562306e-01
5.124936677031215471e-01
4.523513229402646996e-01
4.563799430500289911e-01
4.550304061246401854e-01
4.339320423767678014e-01
5.073772361931787600e-01
4.683995619324387016e-01
4.274494989137107015e-01
4.169525318644333178e-01
4.095561587144965765e-01
4.229744692326571354e-01
4.285713599169209131e-01
4.356585319117926014e-01
4.718259897407949266e-01
4.633105287597971689e-01
4.573212922940383396e-01
4.632408406709778159e-01
4.523251109463411468e-01
4.922305638742849321e-01
5.047986487760954821e-01
4.859047864657795590e-01
4.978096340799052499e-01
5.101294988006229714e-01
5.121817803202828312e-01
5.055032398307331976e-01
4.921051371836901445e-01
4.860620423795651845e-01
4.582399308138277449e-01
4.481615225986760875e-01
4.872865466279577840e-01
4.836849082843409087e-01
5.100639572337718475e-01
5.308689899927022671e-01
5.029216503550545392e-01
5.190191406789140816e-01
5.116878229417930468e-01
5.246205802067220869e-01
5.296609600761014169e-01
5.300922179822371572e-01
5.274358042231567234e-01
5.340473975079551572e-01
4.942016979068914462e-01
5.097572284970242062e-01
4.917316752765634180e-01
5.043690119454596887e-01
4.995865352633291900e-01
4.960867015828641646e-01
5.050134795376494123e-01
4.329558368686924341e-01
4.750507068585867465e-01
4.768946966231598084e-01
4.160655369266722525e-01
4.095682552345255023e-01
3.999604268646711480e-01
4.002810787525961089e-01
4.406301699348437184e-01
4.729768471345413561e-01
4.731682008866616163e-01
4.741454971935893936e-01
4.761417369983653169e-01
4.756426522045557048e-01
4.580034142559157306e-01
4.625805750610848532e-01
4.647505861857834097e-01
4.640180338428274709e-01
4.618737702838772718e-01
4.650247549908589351e-01
4.677591242117888903e-01
4.818195843648702681e-01
4.742158304344883946e-01
4.460058841251992590e-01
4.478876283755971466e-01
4.426308927913794600e-01
3.976157434134691138e-01
3.874253438707408459e-01
4.018118637416486782e-01
3.988446256415732472e-01
3.955184399187648414e-01
3.981189805634558487e-01
4.360231841204861292e-01
3.850735074508009337e-01
3.864392914638382637e-01
3.739365007730700574e-01
3.855215350779094829e-01
3.586585992828009717e-01
3.780257916524993322e-01
3.818518721824621931e-01
3.489156217581752539e-01
4.270603895985644050e-01
3.784232228267856990e-01
2.935089342435349136e-01
2.746383064901187221e-01
2.690333762907364812e-01
2.771075465676197114e-01
2.878214692547956255e-01
2.641474292986324968e-01
2.597693436111646048e-01
2.560018515863043409e-01
2.298701119135773130e-01
2.066108421581292487e-01
2.056567274997521400e-01
2.920085947690837513e-01
2.941178831972407481e-01
2.532598653616751627e-01
1.715753671881326825e-01
1.654681097713710802e-01
1.549707002718758442e-01
1.844993265164076857e-01
1.807258823097874223e-01
1.801009911064898050e-01
1.789015630992805139e-01
1.767569168455407347e-01
1.951699255784365150e-01
2.124533359557122247e-01
2.767490182691638156e-01
2.699900243255867194e-01
2.729507109372549256e-01
2.842894635120664648e-01
2.428498504951953352e-01
2.490178558939492859e-01
2.657153988086161100e-01
2.652779141171495159e-01
2.470967415802763356e-01
2.485809837437021608e-01
2.352664606730422436e-01
2.410091246343550597e-01
2.415131578631281029e-01
2.415215107318960386e-01
2.423040548035147179e-01
2.435454040572320455e-01
2.449046867767414870e-01
2.457619523747617829e-01
2.473761500974890060e-01
2.497956405604973285e-01
2.537239864184560045e-01
2.514944689454109983e-01
2.499793317315179286e-01
2.380082248744447848e-01
2.459243491542744409e-01
2.399194929741651772e-01
2.314731904289028253e-01
2.335534516625968893e-01
2.297717798826811042e-01
2.328782255057380013e-01
2.314340812424115490e-01
2.292461214803459824e-01
2.320356232955795295e-01
2.311774448724717712e-01
2.333221303988691764e-01
2.333337469707856826e-01
2.338215394300352801e-01
2.315790174577488092e-01
2.337172944561466403e-01
2.229612008870909823e-01
2.210047076231571039e-01
2.091809903139435767e-01
2.083442071363915404e-01
1.859122244729876916e-01
1.985165206509187652e-01
1.772989144346638901e-01
1.768115449110092552e-01
1.738767969011718040e-01
1.647121115067101682e-01
1.702250360973271426e-01
1.723632191315935813e-01
1.788234258783013564e-01
1.783737930111054804e-01
1.828922693346619610e-01
1.947961945154475516e-01
1.842861001689586331e-01
1.650684405503757002e-01
1.714513607859811384e-01
1.688994851891171545e-01
1.665403682509572214e-01
1.641296446463408054e-01
1.604420829985871988e-01
1.501582649425249882e-01
1.583686092253401567e-01
1.293861216860883456e-01
1.330356302654008560e-01
1.268589461517039274e-01
1.267679655844712039e-01
1.202431198833048415e-01
8.522458014434013129e-02
8.689883425970086617e-02
9.064191427069050178e-02
8.423979261410656505e-02
1.127673633075235715e-01
9.669542105097739260e-02
1.012675984402015006e-01
9.098442326398159530e-02
8.123350961523188862e-02
7.888016028332450746e-02
7.971909800745090313e-02
9.160537154370360091e-02
7.408276147697542835e-02
4.723310690799595313e-02
4.905189138242643104e-02
7.162718395546957550e-02
6.541277477347018365e-02
5.777202282527186400e-02
4.631608076169106691e-02
2.014373677650592095e-02
1.953255249349981557e-02
1.665381249620283971e-02
1.488165780116162962e-02
1.582583329345978174e-02
2.089200372522016444e-02
3.338375241528862558e-02
1.367326123935951043e-02
1.635064188346354100e-02
3.649002865388172728e-02
3.325544783349693861e-02
3.670606968621088761e-02
3.332579130359119429e-02
3.158074487782574352e-02
2.061349009960712630e-02
1.508890527615518173e-02
1.939719693766285211e-02
1.420087668224843599e-02
5.609129466056459942e-03
1.643671198643737244e-02
2.199173945203196021e-02
2.660973949843895014e-02
2.457545538493683540e-02
1.942162525658215622e-02
2.473602102332921743e-02
2.348900217400447243e-02
2.622049896947735090e-02
1.962654271018865124e-02
2.547642153215828875e-02
3.203002474026412499e-02
3.159546364022663978e-02
3.418208739820664116e-02
3.173328456099724915e-02
3.297831609440866202e-02
3.291285490573599842e-02
3.859123894520127135e-02
4.492182870552268587e-02
3.028627948779068213e-02
2.018410686330517761e-02
2.433013830047570103e-02
2.291667246599567165e-02
1.860416963978254318e-02
1.519819031560446128e-02
7.081105233342951596e-03
1.341368040553126903e-02
3.681633880508602963e-02
2.629974919291303004e-02
7.438153555276406925e-02
9.002062388330178688e-02
9.909145901022871350e-02
1.135095266912890949e-01
1.191170587730060876e-01
1.138724378640723067e-01
1.124677561212118759e-01
1.082239645981145498e-01
1.177924918504187624e-01
1.101265927242198600e-01
1.143138856092003608e-01
9.554288952911338395e-02
1.153379188873365491e-01
1.150754830356691821e-01
1.148729363684235644e-01
1.075125171824655168e-01
1.216338980103792988e-01
1.182555951864217025e-01
1.193794661238100491e-01
1.251036572480195008e-01
1.196868161253239332e-01
1.275299794308896451e-01
1.237010179618348582e-01
1.205647352543057632e-01
1.256273773429967544e-01
1.268824227859173537e-01
1.160133536097864015e-01
7.588775832143361544e-02
5.004471173784980770e-02
1.100802596449737721e-02
9.727051341069822138e-03
1.193773223270007400e-02
7.347969219328303117e-03
5.135687429911486163e-02
5.994047797857095239e-02
6.389295976292574952e-02
7.789562217459938820e-02
5.631496454693946108e-02
2.812941068897658464e-02
2.085340072069140696e-02
1.781075134559162443e-02
1.900396338904029869e-02
3.265077037963065587e-02
1.255321329312533707e-01
8.400809722856189543e-02
9.565616125052447960e-02
1.382606650851639918e-01
2.084080073986060433e-01
3.071330573600287717e-01
3.014129748516866103e-01
2.819996990328028086e-01
4.020234269014369421e-01
4.490833574712100873e-01
4.418859585600823925e-01
4.439103741430929784e-01
3.966130356816394142e-01
4.374694031308075104e-01
5.267019009662099460e-01
5.361319368959021059e-01
5.148740409790644179e-01
5.304611824484092297e-01
5.236678859140181386e-01
4.813685986757019752e-01
4.743305016095865634e-01
4.638551499090950436e-01
4.974888848609495540e-01
4.736331704193361136e-01
4.539970854010625945e-01
4.395602091635638642e-01
4.354797846480297219e-01
4.320510445790081699e-01
4.253534499476456787e-01
4.687298887213502963e-01
4.728824495407518147e-01
4.752863651626689778e-01
4.377589946523638420e-01
3.665036107496325579e-01
3.591632111105627634e-01
3.608810876514066401e-01
3.690762323483698371e-01
3.877435861754429114e-01
4.021262636309655969e-01
3.431294148926574694e-01
3.489269047352116515e-01
3.450686428457657162e-01
3.472095819455611743e-01
3.558142070097573550e-01
2.613889689815944162e-01
2.192222756210479850e-01
2.241716938831536665e-01
1.377902919009093008e-01
1.445943076520309588e-02
2.410146471373279115e-02
1.058988330127854510e-01
1.053450651574772828e-01
9.220823351216925201e-02
1.407940492042172309e-01
2.336001267365624967e-01
2.167684549796024263e-01
2.181740239818035776e-01
2.165328736251334318e-01
2.072064858112436792e-01
1.893206807237040323e-01
2.483921963677125921e-01
2.986413395928699255e-01
2.885472742049523531e-01
2.438834555787445790e-01
2.316838769454142022e-01
2.425889039808535041e-01
2.464373195436878328e-01
2.440948546639535310e-01
2.772975439735000380e-01
3.276150210340223468e-01
3.049096514898982369e-01
3.157841009032964497e-01
3.778294566069785310e-01
4.007556972685428764e-01
3.813115454480329736e-01
3.945925185834067705e-01
3.768274952912307740e-01
2.760866562297082383e-01
1.750433434315905867e-01
1.288156466759583785e-01
1.485544887733176167e-01
1.636217525065634393e-01
2.236692459712696368e-01
2.927122214886523355e-01
3.020793214041715968e-01
2.490608025749557475e-01
2.432068726607098663e-01
3.094970972602580916e-01
1.543323479057044645e-01
2.460044652090791206e-01
2.439004614862585463e-01
2.485868762254099529e-01
2.211141355188863122e-01
7.352633322873965149e-02
6.650787835041038765e-02
6.384133309579512194e-02
7.711983156134535888e-02
2.012967107327401639e-01
2.138059027289657965e-01
2.539577406489963440e-01
2.780234805129468967e-01
2.646274924111007842e-01
2.678835427048645856e-01
2.369053672336048355e-01
1.827009362576133555e-01
1.752392805077601368e-01
1.730067065922328284e-01
1.005275260579253649e-01
1.500335883927856120e-02
2.281518573922730608e-02
3.719798144168649096e-02
4.925713476566534466e-02
5.753281961904344044e-02
1.393679722310607084e-02
4.099107528571519637e-02
3.875126769998713232e-03
1.163656242313648725e-02
5.811674359625897818e-02
5.613239414881635025e-02
3.734877574861012600e-02
6.070566400775464361e-02
7.861760157202762889e-02
8.167362923916622608e-02
7.350338108509044122e-02
8.488296504826138567e-02
4.891832830918323854e-02
2.206880279407021778e-02
1.802351448870580242e-02
1.838392202450084625e-02
6.070272584669746119e-02
4.096403663260796829e-02
5.886443556440352359e-02
4.224301012174632580e-02
3.527992060265452284e-02
2.613186842393809203e-02
1.262655905206676865e-01
1.964299067721652636e-01
2.296506290089535274e-01
2.320797032581806418e-01
2.347698136882394593e-01
2.297402675050951304e-01
