0.000000000000000000e+00
7.230392185858008219e-03
1.204919034114560437e-02
1.459733173082311541e-02
1.220804784468604645e-02
2.249560720627260396e-02
3.217753802864394691e-02
2.500983045547807218e-02
2.509270813416156903e-02
3.974044393452430546e-02
3.992643295834379102e-02
4.428659792789192001e-02
3.834950172563242332e-02
3.568441158215311659e-02
4.617629843326111205e-02
3.606650059785625195e-02
3.143205137302108182e-02
3.072460243320988132e-02
3.044808535627276450e-02
3.127619766548680319e-02
3.413101315789199286e-02
2.722336290352322941e-02
3.194617597578180979e-02
3.797077586555989287e-02
3.495711006209944322e-02
4.462112562611875166e-02
4.147422997715229792e-02
3.292874787489203509e-02
2.909592779516081626e-02
3.077858628314995154e-02
3.328666126041168738e-02
3.453310246382230303e-02
2.936337563259759295e-02
3.051442567910679637e-02
3.532867225707605335e-02
3.206870092296437019e-02
3.712096822472445851e-02
3.796533884778330314e-02
3.260217102055056049e-02
3.633627771067419326e-02
3.399335798082146753e-02
3.152749766668806741e-02
3.414225060856972138e-02
2.785934416597269508e-02
2.770888885425629514e-02
2.224504432177769678e-02
2.637847846914820327e-02
2.228075412465384611e-02
2.595631532646163614e-02
3.593561093679456531e-02
