# index  mean  stderr
0.0000000000e+00 1.0000000000e+00 0.0000000000e+00
1.0000000000e+00 8.9788253080e-01 5.3948743152e-03
2.0000000000e+00 7.1755387031e-01 1.0883228033e-02
3.0000000000e+00 5.6766331870e-01 1.1876266461e-02
4.0000000000e+00 4.5488753766e-01 1.2489406422e-02
5.0000000000e+00 3.9009495311e-01 1.4077789826e-02
6.0000000000e+00 3.9480352155e-01 1.5485837227e-02
7.0000000000e+00 4.1217854818e-01 1.6097592968e-02
8.0000000000e+00 4.1625490140e-01 1.6273891396e-02
9.0000000000e+00 4.2298217603e-01 1.5357748111e-02
1.0000000000e+01 4.1382212394e-01 1.4697877906e-02
1.1000000000e+01 4.1305538763e-01 1.4794694865e-02
1.2000000000e+01 4.1083638175e-01 1.5230294266e-02
1.3000000000e+01 4.0087813992e-01 1.4968157326e-02
1.4000000000e+01 3.8479324055e-01 1.4699862173e-02
1.5000000000e+01 3.7012567441e-01 1.5000282600e-02
1.6000000000e+01 3.5114345268e-01 1.5668187211e-02
1.7000000000e+01 3.4053838762e-01 1.5904054447e-02
1.8000000000e+01 3.3978875975e-01 1.5443536171e-02
1.9000000000e+01 3.3592983268e-01 1.5619488071e-02
2.0000000000e+01 3.3447886261e-01 1.5009522242e-02
2.1000000000e+01 3.3626506780e-01 1.3190411688e-02
2.2000000000e+01 3.3857784701e-01 1.3279271854e-02
2.3000000000e+01 3.3110755661e-01 1.5086384184e-02
2.4000000000e+01 3.2180939857e-01 1.4431605863e-02
2.5000000000e+01 2.9748601224e-01 1.3000769582e-02
2.6000000000e+01 2.7794635440e-01 1.4655826212e-02
2.7000000000e+01 2.7601271518e-01 1.5508240949e-02
2.8000000000e+01 2.7293037403e-01 1.5682255214e-02
2.9000000000e+01 2.6594333095e-01 1.5007571473e-02
3.0000000000e+01 2.6412219327e-01 1.5542786493e-02
3.1000000000e+01 2.7061704800e-01 1.5155592580e-02
3.2000000000e+01 2.6756890675e-01 1.3920649769e-02
3.3000000000e+01 2.5188766505e-01 1.2277718249e-02
3.4000000000e+01 2.5301042282e-01 1.2111697306e-02
3.5000000000e+01 2.5389478697e-01 1.1721431190e-02
3.6000000000e+01 2.6562939603e-01 1.1941111765e-02
3.7000000000e+01 2.5866949449e-01 1.2327466533e-02
3.8000000000e+01 2.6402160535e-01 1.3402620148e-02
3.9000000000e+01 2.5137067401e-01 1.3155011108e-02
4.0000000000e+01 2.4170292607e-01 1.3163133332e-02
4.1000000000e+01 2.4041597153e-01 1.3392564470e-02
4.2000000000e+01 2.4165155385e-01 1.1915308825e-02
4.3000000000e+01 2.3324200375e-01 1.2040495282e-02
4.4000000000e+01 2.2671332125e-01 1.1202850646e-02
4.5000000000e+01 2.2848372186e-01 1.1481661252e-02
4.6000000000e+01 2.3480046767e-01 1.0952500451e-02
4.7000000000e+01 2.3630246700e-01 1.0686738633e-02
4.8000000000e+01 2.3443221407e-01 1.0616548613e-02
4.9000000000e+01 2.2718820377e-01 1.0657533385e-02
5.0000000000e+01 2.2807227371e-01 1.0606107956e-02
5.1000000000e+01 2.2077985998e-01 1.0968299095e-02
5.2000000000e+01 2.1591321391e-01 1.0965271839e-02
5.3000000000e+01 2.1138775218e-01 1.1614837915e-02
5.4000000000e+01 2.0913084740e-01 1.0700145069e-02
5.5000000000e+01 2.1032488783e-01 1.0462036166e-02
5.6000000000e+01 2.0944440304e-01 1.0907142213e-02
5.7000000000e+01 2.1988772970e-01 1.0306495817e-02
5.8000000000e+01 2.1830063528e-01 1.0369087381e-02
5.9000000000e+01 2.1062745811e-01 1.0608420876e-02
6.0000000000e+01 2.0464577267e-01 9.7152682953e-03
6.1000000000e+01 2.1162051842e-01 9.4233724744e-03
6.2000000000e+01 2.1618582764e-01 1.0341197903e-02
6.3000000000e+01 2.2008391363e-01 1.0714227814e-02
6.4000000000e+01 2.1941927134e-01 1.0898719661e-02
6.5000000000e+01 2.1934592461e-01 9.7020905007e-03
6.6000000000e+01 2.1216361927e-01 8.7858271560e-03
6.7000000000e+01 2.0516867598e-01 9.5493115768e-03
6.8000000000e+01 1.9848364654e-01 9.4042723021e-03
6.9000000000e+01 1.9710479504e-01 9.1542192982e-03
7.0000000000e+01 1.8739962774e-01 9.2239431069e-03
7.1000000000e+01 1.8423318422e-01 9.1074151951e-03
7.2000000000e+01 1.9085011571e-01 8.6862950259e-03
7.3000000000e+01 1.9875986555e-01 8.6105413188e-03
7.4000000000e+01 2.0866602862e-01 9.2687811677e-03
7.5000000000e+01 2.1073339390e-01 9.9749233130e-03
7.6000000000e+01 2.0681566035e-01 1.0423897636e-02
7.7000000000e+01 2.0228958100e-01 1.0058151172e-02
7.8000000000e+01 1.9527359735e-01 1.0641798700e-02
7.9000000000e+01 1.8975254461e-01 1.1315401157e-02
8.0000000000e+01 1.9717740327e-01 1.1210391594e-02
8.1000000000e+01 2.0193335929e-01 1.0072242119e-02
8.2000000000e+01 1.9883567727e-01 9.3612661705e-03
8.3000000000e+01 2.0490184157e-01 9.4707588753e-03
8.4000000000e+01 2.1066485065e-01 9.6492553240e-03
8.5000000000e+01 2.0004506962e-01 9.7613621927e-03
8.6000000000e+01 1.8496433062e-01 9.3630116442e-03
8.7000000000e+01 1.7681901419e-01 9.2008653993e-03
8.8000000000e+01 1.7905229350e-01 9.0774786040e-03
8.9000000000e+01 1.7916044858e-01 9.2652131498e-03
9.0000000000e+01 1.8021216325e-01 8.5802579061e-03
9.1000000000e+01 1.7544428159e-01 8.8309897325e-03
9.2000000000e+01 1.8028972606e-01 8.7914249821e-03
9.3000000000e+01 1.8213288106e-01 9.0191026503e-03
9.4000000000e+01 1.7951972919e-01 9.1241560507e-03
9.5000000000e+01 1.7118720226e-01 9.5977490571e-03
9.6000000000e+01 1.6794025189e-01 9.4241461710e-03
9.7000000000e+01 1.5549756792e-01 8.6100992034e-03
9.8000000000e+01 1.5558016128e-01 8.5480613019e-03
9.9000000000e+01 1.6281216385e-01 8.7172162451e-03
1.0000000000e+02 1.6669565918e-01 9.3758668372e-03
1.0100000000e+02 1.7258218637e-01 8.9831932438e-03
1.0200000000e+02 1.7917246226e-01 8.4265207512e-03
1.0300000000e+02 1.8119681309e-01 7.8332835601e-03
1.0400000000e+02 1.6955847768e-01 8.2978180639e-03
1.0500000000e+02 1.6562121166e-01 9.3608302999e-03
1.0600000000e+02 1.7144165817e-01 9.3568992107e-03
1.0700000000e+02 1.7732956401e-01 8.3945098911e-03
1.0800000000e+02 1.7387070006e-01 8.2857671512e-03
1.0900000000e+02 1.7163726114e-01 9.5764962924e-03
1.1000000000e+02 1.6759675179e-01 9.9776071500e-03
1.1100000000e+02 1.7332204169e-01 9.0068089161e-03
1.1200000000e+02 1.6934794528e-01 9.4862142144e-03
1.1300000000e+02 1.7819980220e-01 9.8425731446e-03
1.1400000000e+02 1.7692169228e-01 9.8501940461e-03
1.1500000000e+02 1.7237748548e-01 8.7372417214e-03
1.1600000000e+02 1.7391137652e-01 8.5173595063e-03
1.1700000000e+02 1.7291793117e-01 9.0649598712e-03
1.1800000000e+02 1.7238904323e-01 8.9542481610e-03
1.1900000000e+02 1.7272701408e-01 8.4720779253e-03
1.2000000000e+02 1.6879000342e-01 8.2613026203e-03
1.2100000000e+02 1.7350884730e-01 8.7253523977e-03
1.2200000000e+02 1.6573446774e-01 8.6442909903e-03
1.2300000000e+02 1.5821898079e-01 9.4046431909e-03
1.2400000000e+02 1.6192237891e-01 9.1618054461e-03
1.2500000000e+02 1.6056234495e-01 9.6250947152e-03
1.2600000000e+02 1.6589344713e-01 8.6572857919e-03
1.2700000000e+02 1.7462326481e-01 7.6572838726e-03
1.2800000000e+02 1.7297982186e-01 8.0833306055e-03
1.2900000000e+02 1.6186187328e-01 8.3814069821e-03
1.3000000000e+02 1.5773152035e-01 8.5226354847e-03
1.3100000000e+02 1.6284944495e-01 8.8044353163e-03
1.3200000000e+02 1.6535861372e-01 9.2206013788e-03
1.3300000000e+02 1.6954837569e-01 9.7324530531e-03
1.3400000000e+02 1.6685395632e-01 9.4890856405e-03
1.3500000000e+02 1.7256678259e-01 8.7951677198e-03
1.3600000000e+02 1.7101272990e-01 8.2681234613e-03
1.3700000000e+02 1.6082522232e-01 8.7391031045e-03
1.3800000000e+02 1.5799236096e-01 8.6785237574e-03
1.3900000000e+02 1.4712177667e-01 7.9943465151e-03
1.4000000000e+02 1.4263437955e-01 7.7547193694e-03
1.4100000000e+02 1.5024377290e-01 7.0962100561e-03
1.4200000000e+02 1.4921738639e-01 6.8112400768e-03
1.4300000000e+02 1.5504875989e-01 8.0670593337e-03
1.4400000000e+02 1.6199556805e-01 8.3926919932e-03
1.4500000000e+02 1.6723567830e-01 8.5598234601e-03
1.4600000000e+02 1.6211034632e-01 8.8225236884e-03
1.4700000000e+02 1.5769561843e-01 7.9665348930e-03
1.4800000000e+02 1.5062873621e-01 7.2686367014e-03
1.4900000000e+02 1.4947675011e-01 6.6127692669e-03
1.5000000000e+02 1.5254750116e-01 7.7263288031e-03
1.5100000000e+02 1.5880679464e-01 8.0514504970e-03
1.5200000000e+02 1.5281386235e-01 8.0763232322e-03
1.5300000000e+02 1.4889186128e-01 8.1676439620e-03
1.5400000000e+02 1.4402507932e-01 8.5266447519e-03
1.5500000000e+02 1.4792764638e-01 8.0156358072e-03
1.5600000000e+02 1.4672909917e-01 7.8576534095e-03
1.5700000000e+02 1.4527179560e-01 7.7916827091e-03
1.5800000000e+02 1.5196714788e-01 8.1088403364e-03
1.5900000000e+02 1.5061286540e-01 8.2984656481e-03
1.6000000000e+02 1.5480183752e-01 7.2895677947e-03
1.6100000000e+02 1.5481796064e-01 7.3313970616e-03
1.6200000000e+02 1.5915850182e-01 7.5003372095e-03
1.6300000000e+02 1.5521535498e-01 7.8684842804e-03
1.6400000000e+02 1.5804970264e-01 8.3353716840e-03
1.6500000000e+02 1.6397423325e-01 8.2317190894e-03
1.6600000000e+02 1.6181741043e-01 8.2481922183e-03
1.6700000000e+02 1.6430980958e-01 8.2477270721e-03
1.6800000000e+02 1.6438809587e-01 8.4061305902e-03
1.6900000000e+02 1.5915199181e-01 8.3455112475e-03
1.7000000000e+02 1.5110603044e-01 7.9559097700e-03
1.7100000000e+02 1.4164758872e-01 7.7637841151e-03
1.7200000000e+02 1.4617653246e-01 7.2174932128e-03
1.7300000000e+02 1.4531461365e-01 7.7211484741e-03
1.7400000000e+02 1.4301682273e-01 7.7576508654e-03
1.7500000000e+02 1.4018600312e-01 8.0179249562e-03
1.7600000000e+02 1.3748275166e-01 7.7128494775e-03
1.7700000000e+02 1.2958565298e-01 7.3516991535e-03
1.7800000000e+02 1.2777961789e-01 7.4992611725e-03
1.7900000000e+02 1.3734302951e-01 8.0259391140e-03
1.8000000000e+02 1.4436727538e-01 8.1291941339e-03
1.8100000000e+02 1.4723907749e-01 7.3291728519e-03
1.8200000000e+02 1.4751853417e-01 7.2126359112e-03
1.8300000000e+02 1.4616476611e-01 7.3606655275e-03
1.8400000000e+02 1.4767632229e-01 7.1173149063e-03
1.8500000000e+02 1.4244423064e-01 7.1013732082e-03
1.8600000000e+02 1.4282446065e-01 7.4850631950e-03
1.8700000000e+02 1.4901827496e-01 8.0089108878e-03
1.8800000000e+02 1.5273061882e-01 8.1579299340e-03
1.8900000000e+02 1.4835330506e-01 7.5153352283e-03
1.9000000000e+02 1.4938442246e-01 7.7935116278e-03
1.9100000000e+02 1.4669117601e-01 8.5555896351e-03
1.9200000000e+02 1.4545956390e-01 8.1151108404e-03
1.9300000000e+02 1.5119084006e-01 8.4169159978e-03
1.9400000000e+02 1.4861714682e-01 7.8301538805e-03
1.9500000000e+02 1.4788271161e-01 7.4966997587e-03
1.9600000000e+02 1.4173489640e-01 8.3402962846e-03
1.9700000000e+02 1.3667538242e-01 7.6195746627e-03
1.9800000000e+02 1.4332204122e-01 7.2295104731e-03
1.9900000000e+02 1.4415158899e-01 8.0745121790e-03
2.0000000000e+02 1.5012153858e-01 7.9177506043e-03
2.0100000000e+02 1.4566928237e-01 7.1705956061e-03
2.0200000000e+02 1.4881078318e-01 7.6742458076e-03
2.0300000000e+02 1.5066935579e-01 7.8757853923e-03
2.0400000000e+02 1.5274764593e-01 7.1248155792e-03
2.0500000000e+02 1.4191053585e-01 7.2795698490e-03
2.0600000000e+02 1.4533974224e-01 7.6169719153e-03
2.0700000000e+02 1.5188588509e-01 7.5791323848e-03
2.0800000000e+02 1.5063569558e-01 7.6419879503e-03
2.0900000000e+02 1.4285596587e-01 7.7641442211e-03
2.1000000000e+02 1.4485536133e-01 8.5577455906e-03
2.1100000000e+02 1.4728555978e-01 7.7788464239e-03
2.1200000000e+02 1.4100070408e-01 7.9714064999e-03
2.1300000000e+02 1.4027109061e-01 7.9847950062e-03
2.1400000000e+02 1.4525454430e-01 6.9429816519e-03
2.1500000000e+02 1.3908431066e-01 7.6628439268e-03
2.1600000000e+02 1.3871905892e-01 7.6893039862e-03
2.1700000000e+02 1.3632490640e-01 7.5488346041e-03
2.1800000000e+02 1.3860066204e-01 7.2379881229e-03
2.1900000000e+02 1.4288000963e-01 7.3303736659e-03
2.2000000000e+02 1.4659309711e-01 6.8312969919e-03
2.2100000000e+02 1.4853066326e-01 7.2810507045e-03
2.2200000000e+02 1.5266178125e-01 7.4412636181e-03
2.2300000000e+02 1.5415620679e-01 7.9675064446e-03
2.2400000000e+02 1.5112803522e-01 8.2534811568e-03
2.2500000000e+02 1.4824396820e-01 7.8513893240e-03
2.2600000000e+02 1.5860763746e-01 7.1442832375e-03
2.2700000000e+02 1.5529087290e-01 6.8835604337e-03
2.2800000000e+02 1.4995759907e-01 6.7019806617e-03
2.2900000000e+02 1.4743513864e-01 7.1408632469e-03
2.3000000000e+02 1.4792945994e-01 7.0870119965e-03
2.3100000000e+02 1.4021693909e-01 7.1738655202e-03
2.3200000000e+02 1.3736467758e-01 7.0906362473e-03
2.3300000000e+02 1.3993906802e-01 7.2317173174e-03
2.3400000000e+02 1.3339450881e-01 6.7630152728e-03
2.3500000000e+02 1.2972383889e-01 7.0372217192e-03
2.3600000000e+02 1.2509173644e-01 6.8095928562e-03
2.3700000000e+02 1.2910014187e-01 6.8381912166e-03
2.3800000000e+02 1.3553762654e-01 6.6629632426e-03
2.3900000000e+02 1.3868125376e-01 6.5586884744e-03
2.4000000000e+02 1.4637343182e-01 7.6985691886e-03
2.4100000000e+02 1.4801732564e-01 7.7877689928e-03
2.4200000000e+02 1.3908379317e-01 7.7780251707e-03
2.4300000000e+02 1.3287124296e-01 7.3940469341e-03
2.4400000000e+02 1.3649219474e-01 7.4863861572e-03
2.4500000000e+02 1.4046406278e-01 7.5330631172e-03
2.4600000000e+02 1.3900307188e-01 7.9200186356e-03
2.4700000000e+02 1.2884178120e-01 7.4651535613e-03
2.4800000000e+02 1.2447180898e-01 7.1257123133e-03
2.4900000000e+02 1.2048239770e-01 5.9895741387e-03
2.5000000000e+02 1.2248022425e-01 6.9091298650e-03
2.5100000000e+02 1.2887564763e-01 6.8536464946e-03
2.5200000000e+02 1.3268816627e-01 6.7285685434e-03
2.5300000000e+02 1.3013623915e-01 6.8607988113e-03
2.5400000000e+02 1.3409189426e-01 6.8017600660e-03
2.5500000000e+02 1.2946152298e-01 6.7247293357e-03
2.5600000000e+02 1.2532590811e-01 7.1680569381e-03
2.5700000000e+02 1.2425983910e-01 7.1880458475e-03
2.5800000000e+02 1.2905216907e-01 6.7080560702e-03
2.5900000000e+02 1.3619032418e-01 7.0168148822e-03
2.6000000000e+02 1.3441720518e-01 7.4143073397e-03
2.6100000000e+02 1.3886338620e-01 7.5115244855e-03
2.6200000000e+02 1.3162558123e-01 7.4696137991e-03
2.6300000000e+02 1.2660602204e-01 6.9680697830e-03
2.6400000000e+02 1.2891119257e-01 7.6374273019e-03
2.6500000000e+02 1.2832569580e-01 7.6802263434e-03
2.6600000000e+02 1.3201926504e-01 7.4026736781e-03
2.6700000000e+02 1.2896446724e-01 7.1338905660e-03
2.6800000000e+02 1.2837092235e-01 6.5950127383e-03
2.6900000000e+02 1.3024567966e-01 6.7814828101e-03
2.7000000000e+02 1.2334203649e-01 6.8169420396e-03
2.7100000000e+02 1.1656656094e-01 6.8896224251e-03
2.7200000000e+02 1.1997171742e-01 6.0456568366e-03
2.7300000000e+02 1.1922345374e-01 5.8927141961e-03
2.7400000000e+02 1.1973070267e-01 5.8243686901e-03
2.7500000000e+02 1.1998825049e-01 6.2226589967e-03
2.7600000000e+02 1.2904984150e-01 6.3624165917e-03
2.7700000000e+02 1.2831949571e-01 6.8185401143e-03
2.7800000000e+02 1.2241970088e-01 6.5645239120e-03
2.7900000000e+02 1.2223221901e-01 6.1330224034e-03
2.8000000000e+02 1.2341337494e-01 5.9478535140e-03
2.8100000000e+02 1.2493331133e-01 6.0504650146e-03
2.8200000000e+02 1.2332639867e-01 6.9762929674e-03
2.8300000000e+02 1.2066777290e-01 6.5297960463e-03
2.8400000000e+02 1.2347670658e-01 6.4257129852e-03
2.8500000000e+02 1.2259546952e-01 6.4352380719e-03
2.8600000000e+02 1.1547808112e-01 6.5005162408e-03
2.8700000000e+02 1.1623289357e-01 6.1334468770e-03
2.8800000000e+02 1.2762767601e-01 6.4533898010e-03
2.8900000000e+02 1.3402230651e-01 7.3510435015e-03
2.9000000000e+02 1.2974420561e-01 7.7340019249e-03
2.9100000000e+02 1.2460172676e-01 6.6874619048e-03
2.9200000000e+02 1.1940938309e-01 6.1559747501e-03
2.9300000000e+02 1.1634245509e-01 6.6150550428e-03
2.9400000000e+02 1.1577132253e-01 6.9380500528e-03
2.9500000000e+02 1.1992796033e-01 6.5647010474e-03
2.9600000000e+02 1.2488662884e-01 7.1495250535e-03
2.9700000000e+02 1.3315114847e-01 6.5188656078e-03
2.9800000000e+02 1.3069223065e-01 5.6937845438e-03
2.9900000000e+02 1.2600078643e-01 6.0372327471e-03
3.0000000000e+02 1.2448297976e-01 6.6706138004e-03
3.0100000000e+02 1.2737575134e-01 6.6524180318e-03
3.0200000000e+02 1.2385922700e-01 6.0451545086e-03
3.0300000000e+02 1.2470941113e-01 6.2963937430e-03
3.0400000000e+02 1.1933623755e-01 6.8479256489e-03
3.0500000000e+02 1.1981605633e-01 6.7080562698e-03
3.0600000000e+02 1.1945211831e-01 6.5304619066e-03
3.0700000000e+02 1.2182815922e-01 6.4008332189e-03
3.0800000000e+02 1.2406276351e-01 6.4687944725e-03
3.0900000000e+02 1.3115624954e-01 6.1931858592e-03
3.1000000000e+02 1.3647967502e-01 6.1783947013e-03
3.1100000000e+02 1.3544169327e-01 6.5546415428e-03
3.1200000000e+02 1.2603152698e-01 7.2523932046e-03
3.1300000000e+02 1.2314633389e-01 7.2810383703e-03
3.1400000000e+02 1.2702371802e-01 7.0283598312e-03
3.1500000000e+02 1.2933049611e-01 6.7697723652e-03
3.1600000000e+02 1.3206410706e-01 6.9832236306e-03
3.1700000000e+02 1.3600458396e-01 7.1395295643e-03
3.1800000000e+02 1.2995367180e-01 6.6332671282e-03
3.1900000000e+02 1.2507355157e-01 6.4358858027e-03
3.2000000000e+02 1.2425338604e-01 6.1866439464e-03
3.2100000000e+02 1.2302270968e-01 5.9772912972e-03
3.2200000000e+02 1.2070512497e-01 6.2680320797e-03
3.2300000000e+02 1.1856961166e-01 6.3011139952e-03
3.2400000000e+02 1.2946205319e-01 6.3117911611e-03
3.2500000000e+02 1.2811695242e-01 7.1658201195e-03
3.2600000000e+02 1.2763753632e-01 7.0249962243e-03
3.2700000000e+02 1.2814540695e-01 6.9330824848e-03
3.2800000000e+02 1.3177761362e-01 6.2638931402e-03
3.2900000000e+02 1.2981627793e-01 6.3664941004e-03
3.3000000000e+02 1.3316288796e-01 7.2897600799e-03
3.3100000000e+02 1.2642775752e-01 7.4478908167e-03
3.3200000000e+02 1.2716254644e-01 7.7272631625e-03
3.3300000000e+02 1.2891715963e-01 7.1677854619e-03
3.3400000000e+02 1.2760277854e-01 6.9689074045e-03
3.3500000000e+02 1.2222002428e-01 6.3710584497e-03
3.3600000000e+02 1.1937036791e-01 6.2285355770e-03
3.3700000000e+02 1.2264783204e-01 6.4603330926e-03
3.3800000000e+02 1.2533766843e-01 6.1094476627e-03
3.3900000000e+02 1.2726314450e-01 6.9191418877e-03
3.4000000000e+02 1.2556593514e-01 6.6711597950e-03
3.4100000000e+02 1.3035734491e-01 6.2775798661e-03
3.4200000000e+02 1.2537667930e-01 6.3813226583e-03
3.4300000000e+02 1.2217730627e-01 6.2087936775e-03
3.4400000000e+02 1.2100598383e-01 6.7650552838e-03
3.4500000000e+02 1.2425903197e-01 6.8087593460e-03
3.4600000000e+02 1.2703292375e-01 7.0641239961e-03
3.4700000000e+02 1.3034284406e-01 6.6515892871e-03
3.4800000000e+02 1.3031959177e-01 6.8003033467e-03
3.4900000000e+02 1.3741677963e-01 6.9830373724e-03
3.5000000000e+02 1.3929874965e-01 7.2231718944e-03
3.5100000000e+02 1.3634928556e-01 6.8735389260e-03
3.5200000000e+02 1.3642551258e-01 7.0054095608e-03
3.5300000000e+02 1.3223614355e-01 6.7012348572e-03
3.5400000000e+02 1.2447030437e-01 5.8839126236e-03
3.5500000000e+02 1.2521838396e-01 5.8973699398e-03
3.5600000000e+02 1.2145491999e-01 5.9596170902e-03
3.5700000000e+02 1.2773584896e-01 6.1365592200e-03
3.5800000000e+02 1.3006797519e-01 6.5022416990e-03
3.5900000000e+02 1.2579609280e-01 6.2056942503e-03
3.6000000000e+02 1.2887719905e-01 6.5015062469e-03
3.6100000000e+02 1.2428916386e-01 6.5122013007e-03
3.6200000000e+02 1.2698618285e-01 6.2579531831e-03
3.6300000000e+02 1.2809741136e-01 6.7318777122e-03
3.6400000000e+02 1.2478042894e-01 6.3868927475e-03
3.6500000000e+02 1.2514771885e-01 6.3028054565e-03
3.6600000000e+02 1.1918826134e-01 6.4144600521e-03
3.6700000000e+02 1.2097412009e-01 6.0747935278e-03
3.6800000000e+02 1.1952027845e-01 5.4977841607e-03
3.6900000000e+02 1.1479249409e-01 5.6777963029e-03
3.7000000000e+02 1.2165348634e-01 5.6861397941e-03
3.7100000000e+02 1.2688306667e-01 6.3323939368e-03
3.7200000000e+02 1.2780342195e-01 6.7365338988e-03
3.7300000000e+02 1.2509315756e-01 6.6984655367e-03
3.7400000000e+02 1.2328936004e-01 6.1476801514e-03
3.7500000000e+02 1.2157109994e-01 6.1166308797e-03
3.7600000000e+02 1.2299861030e-01 6.7761814092e-03
3.7700000000e+02 1.2714847252e-01 7.1251644924e-03
3.7800000000e+02 1.2565002590e-01 7.1634080277e-03
3.7900000000e+02 1.2210459770e-01 6.5849949156e-03
3.8000000000e+02 1.2406020743e-01 6.5974100757e-03
3.8100000000e+02 1.2105480847e-01 6.6270764683e-03
3.8200000000e+02 1.1894705727e-01 6.2729610229e-03
3.8300000000e+02 1.1405560309e-01 6.9173146290e-03
3.8400000000e+02 1.1616392142e-01 6.8270130519e-03
3.8500000000e+02 1.1898787508e-01 6.7368759381e-03
3.8600000000e+02 1.1418009742e-01 6.5143373118e-03
3.8700000000e+02 1.1684085055e-01 6.6065723789e-03
3.8800000000e+02 1.1908596023e-01 6.9306656378e-03
3.8900000000e+02 1.1925903196e-01 6.3259136426e-03
3.9000000000e+02 1.2086003280e-01 6.6320719229e-03
3.9100000000e+02 1.2773642965e-01 6.6297124304e-03
3.9200000000e+02 1.2415981361e-01 6.4215625973e-03
3.9300000000e+02 1.1643935035e-01 5.8663677459e-03
3.9400000000e+02 1.2213775323e-01 5.6778671574e-03
3.9500000000e+02 1.1936272713e-01 6.1603560631e-03
3.9600000000e+02 1.1856904291e-01 5.5449522937e-03
3.9700000000e+02 1.2019076724e-01 5.9362786873e-03
3.9800000000e+02 1.2145660080e-01 6.1729154050e-03
3.9900000000e+02 1.1711309027e-01 6.5056850132e-03
4.0000000000e+02 1.1044963524e-01 6.0211595204e-03
4.0100000000e+02 1.1293411117e-01 5.0303717014e-03
4.0200000000e+02 1.1645402196e-01 5.0126129646e-03
4.0300000000e+02 1.1424826689e-01 5.8732632064e-03
4.0400000000e+02 1.1682144281e-01 6.7232883792e-03
4.0500000000e+02 1.2098734408e-01 6.8283618361e-03
4.0600000000e+02 1.2180358597e-01 6.5638015644e-03
4.0700000000e+02 1.1786260179e-01 6.4072881885e-03
4.0800000000e+02 1.1433393219e-01 5.7156891442e-03
4.0900000000e+02 1.1218228739e-01 5.3599131224e-03
4.1000000000e+02 1.1460075215e-01 6.2860527957e-03
4.1100000000e+02 1.1779091907e-01 6.5382880446e-03
4.1200000000e+02 1.1230585262e-01 6.3433215262e-03
4.1300000000e+02 1.1508387682e-01 5.9098359245e-03
4.1400000000e+02 1.1682089680e-01 6.0399757892e-03
4.1500000000e+02 1.1881146471e-01 6.2025531620e-03
4.1600000000e+02 1.2421201720e-01 6.6301702748e-03
4.1700000000e+02 1.2569836490e-01 6.9463820278e-03
4.1800000000e+02 1.2104952419e-01 6.9267269401e-03
4.1900000000e+02 1.1174286808e-01 6.8451637385e-03
4.2000000000e+02 1.0733821141e-01 6.3320742133e-03
4.2100000000e+02 1.1256996934e-01 5.6877973041e-03
4.2200000000e+02 1.1307985592e-01 5.5175498730e-03
4.2300000000e+02 1.1458661551e-01 6.1471917927e-03
4.2400000000e+02 1.1893210532e-01 5.6120817142e-03
4.2500000000e+02 1.1956677943e-01 5.9876801279e-03
4.2600000000e+02 1.2168108653e-01 6.5792167463e-03
4.2700000000e+02 1.1900759398e-01 6.6240412566e-03
4.2800000000e+02 1.1836605369e-01 6.4909093377e-03
4.2900000000e+02 1.1536276420e-01 6.2447292178e-03
4.3000000000e+02 1.0519687230e-01 6.1252544441e-03
4.3100000000e+02 1.0437301069e-01 5.9690379612e-03
4.3200000000e+02 1.0557314148e-01 5.6741392316e-03
4.3300000000e+02 1.1056089503e-01 5.9576209568e-03
4.3400000000e+02 1.1434005612e-01 5.6233258641e-03
4.3500000000e+02 1.1708995900e-01 5.7036307225e-03
4.3600000000e+02 1.1402508866e-01 6.1257030155e-03
4.3700000000e+02 1.1760527429e-01 5.8827956920e-03
4.3800000000e+02 1.1923579999e-01 5.9584587338e-03
4.3900000000e+02 1.1233529884e-01 5.6600367103e-03
4.4000000000e+02 1.0254730386e-01 5.5030501247e-03
4.4100000000e+02 9.7008239202e-02 6.0591259537e-03
4.4200000000e+02 1.0489408096e-01 5.6378748898e-03
4.4300000000e+02 1.0424054685e-01 6.1405566435e-03
4.4400000000e+02 1.0489899539e-01 5.8867490135e-03
4.4500000000e+02 1.1130853377e-01 6.6618216499e-03
4.4600000000e+02 1.1559160197e-01 6.4083683496e-03
4.4700000000e+02 1.1170509293e-01 6.4148430196e-03
4.4800000000e+02 1.1625360411e-01 6.3317061561e-03
4.4900000000e+02 1.2066995949e-01 6.3463633275e-03
4.5000000000e+02 1.1435248045e-01 6.0474707927e-03
4.5100000000e+02 1.1211592475e-01 5.8026551780e-03
4.5200000000e+02 1.1210056839e-01 5.8682660989e-03
4.5300000000e+02 1.0971573038e-01 6.0021232825e-03
4.5400000000e+02 1.0975634537e-01 6.1203122852e-03
4.5500000000e+02 1.1049482912e-01 6.2369016969e-03
4.5600000000e+02 1.1333898045e-01 6.6004445363e-03
4.5700000000e+02 1.1722697211e-01 7.1596420413e-03
4.5800000000e+02 1.1184785728e-01 6.8344345958e-03
4.5900000000e+02 1.0655403791e-01 5.9370407886e-03
4.6000000000e+02 1.0538623108e-01 5.4609833546e-03
4.6100000000e+02 1.0947554520e-01 5.9133319467e-03
4.6200000000e+02 1.1398788519e-01 6.5818263264e-03
4.6300000000e+02 1.1390176467e-01 6.7494994553e-03
4.6400000000e+02 1.1311711870e-01 6.7638432723e-03
4.6500000000e+02 1.1351907762e-01 6.4523239772e-03
4.6600000000e+02 1.1158787322e-01 6.1355238904e-03
4.6700000000e+02 1.1645756922e-01 5.8336907494e-03
4.6800000000e+02 1.1296115565e-01 5.9395844002e-03
4.6900000000e+02 1.1692840521e-01 5.7265511654e-03
4.7000000000e+02 1.1803035959e-01 5.9965233946e-03
4.7100000000e+02 1.1972555343e-01 5.6226312015e-03
4.7200000000e+02 1.1557922451e-01 5.4525715714e-03
4.7300000000e+02 1.1224141160e-01 5.1647435239e-03
4.7400000000e+02 1.0299505531e-01 5.7407677604e-03
4.7500000000e+02 1.0043488869e-01 5.6397812821e-03
4.7600000000e+02 1.0254670490e-01 5.6996522122e-03
4.7700000000e+02 1.0507434669e-01 6.1835088543e-03
4.7800000000e+02 1.0659391864e-01 5.8313207167e-03
4.7900000000e+02 1.0869099349e-01 5.7642558834e-03
4.8000000000e+02 1.1310684323e-01 5.7792290716e-03
4.8100000000e+02 1.1275319585e-01 4.8983522747e-03
4.8200000000e+02 1.0719847888e-01 4.7792725031e-03
4.8300000000e+02 1.0413431205e-01 5.3204482837e-03
4.8400000000e+02 1.0858172327e-01 6.0591989668e-03
4.8500000000e+02 1.0904406683e-01 5.7441970632e-03
4.8600000000e+02 1.1297696912e-01 5.3368640937e-03
4.8700000000e+02 1.1761913351e-01 5.5630028193e-03
4.8800000000e+02 1.1425369681e-01 5.8703703781e-03
4.8900000000e+02 1.0901978564e-01 6.2014767745e-03
4.9000000000e+02 1.0818095722e-01 5.4687617242e-03
4.9100000000e+02 1.0729457246e-01 5.3322759470e-03
4.9200000000e+02 1.0782530794e-01 5.3555069418e-03
4.9300000000e+02 1.1266726743e-01 5.5365009841e-03
4.9400000000e+02 1.1376332611e-01 5.4070969049e-03
4.9500000000e+02 1.0881965558e-01 5.3806373397e-03
4.9600000000e+02 1.0373636496e-01 5.7217597001e-03
4.9700000000e+02 1.0777230648e-01 5.4258317629e-03
4.9800000000e+02 1.0845420078e-01 5.5637646010e-03
4.9900000000e+02 1.1229692715e-01 5.8307375308e-03
5.0000000000e+02 1.1434462848e-01 6.0205733067e-03
5.0100000000e+02 1.0706352077e-01 6.1221929510e-03
5.0200000000e+02 1.0246150933e-01 5.9985861737e-03
5.0300000000e+02 9.7993699599e-02 5.9281500258e-03
5.0400000000e+02 1.0076778784e-01 5.9339355347e-03
5.0500000000e+02 1.0672109905e-01 6.7143904466e-03
5.0600000000e+02 1.1348076182e-01 6.3590957455e-03
5.0700000000e+02 1.1718877268e-01 5.9744579504e-03
5.0800000000e+02 1.1941034779e-01 5.9393015940e-03
5.0900000000e+02 1.1702738700e-01 6.2827194070e-03
5.1000000000e+02 1.1247973923e-01 6.4003816079e-03
5.1100000000e+02 1.0848484497e-01 6.2022895304e-03
5.1200000000e+02 1.0921331259e-01 5.7169789644e-03
5.1300000000e+02 1.0490037721e-01 6.2155868167e-03
5.1400000000e+02 1.0701520118e-01 5.6769025114e-03
5.1500000000e+02 1.0800136399e-01 5.5583644118e-03
5.1600000000e+02 1.1250002446e-01 5.5511041330e-03
5.1700000000e+02 1.0945958037e-01 5.3218727575e-03
5.1800000000e+02 1.1297803699e-01 4.9493450390e-03
5.1900000000e+02 1.1145851149e-01 5.3817414322e-03
5.2000000000e+02 1.0468261507e-01 5.6969695857e-03
5.2100000000e+02 1.0520258623e-01 5.3641485774e-03
5.2200000000e+02 1.0592218163e-01 5.8943072250e-03
5.2300000000e+02 1.0729393180e-01 5.5811941489e-03
5.2400000000e+02 1.0644058810e-01 5.0669314333e-03
5.2500000000e+02 1.0204094545e-01 5.0915014756e-03
5.2600000000e+02 9.8334049367e-02 5.0741848250e-03
5.2700000000e+02 1.0130755155e-01 5.0715030148e-03
5.2800000000e+02 1.0754436619e-01 5.1055181203e-03
5.2900000000e+02 1.0675376389e-01 5.7084947643e-03
5.3000000000e+02 1.1015406103e-01 5.7241064381e-03
5.3100000000e+02 1.0985483905e-01 5.5485138649e-03
5.3200000000e+02 1.0971302441e-01 5.1437917010e-03
5.3300000000e+02 1.0762486963e-01 5.1731768006e-03
5.3400000000e+02 1.1091565476e-01 5.7597590390e-03
5.3500000000e+02 1.1194430000e-01 5.7764260581e-03
5.3600000000e+02 1.0598776380e-01 5.9117852478e-03
5.3700000000e+02 1.0111714157e-01 5.5157213960e-03
5.3800000000e+02 1.0211681337e-01 5.4353666689e-03
5.3900000000e+02 1.0163976575e-01 4.9602696471e-03
5.4000000000e+02 9.8374790645e-02 5.2442298651e-03
5.4100000000e+02 1.0142206488e-01 5.2089509719e-03
5.4200000000e+02 9.5662361641e-02 5.0302994074e-03
5.4300000000e+02 9.9304843479e-02 5.3328637653e-03
5.4400000000e+02 1.0318678004e-01 5.8088944769e-03
5.4500000000e+02 1.0161823906e-01 5.5824774902e-03
5.4600000000e+02 1.0235780647e-01 5.5140545440e-03
5.4700000000e+02 1.0829915229e-01 5.4206954360e-03
5.4800000000e+02 1.0400980102e-01 5.5991838824e-03
5.4900000000e+02 1.0390844686e-01 6.1121277329e-03
5.5000000000e+02 1.0914925514e-01 6.1381246018e-03
5.5100000000e+02 1.0688621499e-01 6.3369094591e-03
5.5200000000e+02 1.0402199038e-01 5.8636863957e-03
5.5300000000e+02 1.0653273275e-01 5.2774402827e-03
5.5400000000e+02 1.0476648250e-01 5.3057517446e-03
5.5500000000e+02 1.0889093559e-01 5.8340316276e-03
5.5600000000e+02 1.0906801611e-01 5.8291201249e-03
5.5700000000e+02 1.1006761765e-01 6.0749710101e-03
5.5800000000e+02 1.1014594676e-01 5.7637647994e-03
5.5900000000e+02 1.0932137630e-01 5.6290744312e-03
5.6000000000e+02 1.1203887541e-01 5.5367820687e-03
5.6100000000e+02 1.1089483376e-01 5.5237532041e-03
5.6200000000e+02 1.0535063364e-01 5.2790175103e-03
5.6300000000e+02 1.0605586924e-01 5.7449219263e-03
5.6400000000e+02 1.0421252542e-01 5.9588946655e-03
5.6500000000e+02 1.0575935934e-01 6.0821188274e-03
5.6600000000e+02 1.0961257304e-01 5.9392082747e-03
5.6700000000e+02 1.0898936701e-01 5.3862494377e-03
5.6800000000e+02 1.0878401646e-01 5.7140101131e-03
5.6900000000e+02 1.0558713671e-01 5.9305077562e-03
5.7000000000e+02 1.0514569261e-01 5.9314710549e-03
5.7100000000e+02 1.0471650911e-01 5.8448392488e-03
5.7200000000e+02 1.0763768670e-01 5.9934430202e-03
5.7300000000e+02 1.1139801035e-01 6.0299223672e-03
5.7400000000e+02 1.0950195033e-01 5.9663070649e-03
5.7500000000e+02 1.0960024917e-01 5.5370620172e-03
5.7600000000e+02 1.0774662688e-01 5.4115848908e-03
5.7700000000e+02 1.0748966435e-01 5.6730099615e-03
5.7800000000e+02 1.0510085875e-01 5.1931150221e-03
5.7900000000e+02 1.0167815248e-01 5.4100933642e-03
5.8000000000e+02 1.0392576688e-01 6.0445883129e-03
5.8100000000e+02 1.0596634832e-01 5.8846725902e-03
5.8200000000e+02 1.0931992412e-01 5.9658826527e-03
5.8300000000e+02 1.0749890911e-01 5.5301265612e-03
5.8400000000e+02 1.0858801302e-01 5.5081731852e-03
5.8500000000e+02 1.0563350791e-01 5.3694635684e-03
5.8600000000e+02 1.0335962311e-01 5.7272310766e-03
5.8700000000e+02 1.0507200263e-01 5.6502982729e-03
5.8800000000e+02 1.0943890585e-01 5.2260479880e-03
5.8900000000e+02 1.0677455749e-01 5.2122574533e-03
5.9000000000e+02 1.1082373048e-01 5.4019433409e-03
5.9100000000e+02 1.1191659458e-01 5.2474359517e-03
5.9200000000e+02 1.0390877296e-01 5.4294278348e-03
5.9300000000e+02 1.0104509031e-01 5.5008537398e-03
5.9400000000e+02 1.0060054643e-01 5.5683809356e-03
5.9500000000e+02 1.0299466051e-01 5.5428157003e-03
5.9600000000e+02 1.0506115935e-01 5.7576140108e-03
5.9700000000e+02 1.0385858842e-01 5.7313283763e-03
5.9800000000e+02 1.0817815093e-01 5.9199542036e-03
5.9900000000e+02 1.0751596486e-01 5.3438363273e-03
6.0000000000e+02 1.0191135589e-01 5.1308890080e-03
6.0100000000e+02 9.5778522105e-02 4.9074866988e-03
6.0200000000e+02 1.0061854094e-01 5.1631179365e-03
6.0300000000e+02 1.0308187913e-01 5.3698347144e-03
6.0400000000e+02 1.0786828769e-01 5.0091299102e-03
6.0500000000e+02 1.1009404159e-01 5.0402671820e-03
6.0600000000e+02 1.0877433480e-01 5.0684956629e-03
6.0700000000e+02 1.0951524442e-01 5.2995601624e-03
6.0800000000e+02 1.0562989862e-01 5.7653446408e-03
6.0900000000e+02 1.0208580907e-01 5.5786258212e-03
6.1000000000e+02 1.0644627585e-01 5.6440599629e-03
6.1100000000e+02 1.0782278832e-01 5.6911509956e-03
6.1200000000e+02 1.0624606589e-01 5.2279529637e-03
6.1300000000e+02 9.7943958681e-02 5.1586516834e-03
6.1400000000e+02 9.7497201496e-02 5.0866433161e-03
6.1500000000e+02 1.0134279114e-01 5.6969443720e-03
6.1600000000e+02 1.0547928808e-01 5.5835813244e-03
6.1700000000e+02 1.0686897416e-01 5.6820500060e-03
6.1800000000e+02 1.0316556052e-01 5.8145370697e-03
6.1900000000e+02 1.0009763054e-01 5.1237757079e-03
6.2000000000e+02 9.9707629322e-02 5.0484482490e-03
6.2100000000e+02 1.0037651870e-01 5.9595115999e-03
6.2200000000e+02 1.0162573632e-01 5.8281450292e-03
6.2300000000e+02 1.0424805292e-01 5.5224357790e-03
6.2400000000e+02 1.0611573196e-01 5.6755587721e-03
6.2500000000e+02 1.0293009646e-01 5.6001705353e-03
6.2600000000e+02 1.0514485605e-01 5.8726225757e-03
6.2700000000e+02 1.0188317800e-01 5.3408662669e-03
6.2800000000e+02 9.8470279202e-02 5.2884362186e-03
6.2900000000e+02 1.0019938417e-01 4.8245938692e-03
6.3000000000e+02 1.0653002385e-01 5.2222479788e-03
6.3100000000e+02 1.0717175651e-01 5.4738057036e-03
6.3200000000e+02 1.0673505081e-01 5.7209085350e-03
6.3300000000e+02 1.0005122485e-01 5.6184564239e-03
6.3400000000e+02 9.5919570910e-02 5.6518453307e-03
6.3500000000e+02 9.7928328717e-02 5.9320518729e-03
6.3600000000e+02 1.0439541488e-01 5.9058776213e-03
6.3700000000e+02 1.0178532066e-01 5.4369086957e-03
6.3800000000e+02 1.0308767826e-01 5.3347092259e-03
6.3900000000e+02 1.0228590893e-01 5.3595685091e-03
6.4000000000e+02 1.0154646021e-01 5.3021578970e-03
6.4100000000e+02 9.5522112459e-02 4.5531505958e-03
6.4200000000e+02 9.4305049457e-02 4.7802379794e-03
6.4300000000e+02 9.4178697196e-02 5.4543731104e-03
6.4400000000e+02 9.5588222045e-02 5.4308172019e-03
6.4500000000e+02 9.9457272714e-02 5.0564772899e-03
6.4600000000e+02 1.0565687760e-01 5.4843931595e-03
6.4700000000e+02 1.0156673868e-01 6.0402650280e-03
6.4800000000e+02 9.7463242404e-02 5.6555731528e-03
6.4900000000e+02 9.7100856081e-02 5.5507828270e-03
6.5000000000e+02 9.6298746661e-02 5.2757588048e-03
6.5100000000e+02 9.9303132662e-02 5.3678419494e-03
6.5200000000e+02 1.0431672266e-01 5.1250100219e-03
6.5300000000e+02 1.0331247073e-01 5.4730521879e-03
6.5400000000e+02 1.0068786663e-01 5.5477950900e-03
6.5500000000e+02 9.7383042157e-02 5.3408173509e-03
6.5600000000e+02 9.7633301447e-02 5.2427388423e-03
6.5700000000e+02 9.3949904593e-02 4.7968530912e-03
6.5800000000e+02 9.4490120413e-02 4.8555647935e-03
6.5900000000e+02 9.0557801159e-02 5.0631264535e-03
6.6000000000e+02 9.5472128349e-02 5.6020741703e-03
6.6100000000e+02 9.2849947380e-02 5.2518541662e-03
6.6200000000e+02 9.7060482302e-02 5.3802781847e-03
6.6300000000e+02 9.9232008255e-02 4.9437850556e-03
6.6400000000e+02 9.8315299423e-02 5.0901457005e-03
6.6500000000e+02 1.0115039046e-01 5.0372456703e-03
6.6600000000e+02 1.0370546880e-01 5.2800907180e-03
6.6700000000e+02 1.0313834403e-01 5.7232196843e-03
6.6800000000e+02 1.0320357898e-01 5.5075238694e-03
6.6900000000e+02 1.1016132134e-01 5.5116054709e-03
6.7000000000e+02 1.1100402598e-01 5.8375793730e-03
6.7100000000e+02 1.0636216297e-01 6.3431346399e-03
6.7200000000e+02 1.0188340892e-01 6.1413129216e-03
6.7300000000e+02 1.0036198952e-01 5.1881924831e-03
6.7400000000e+02 9.6834189922e-02 5.3223436980e-03
6.7500000000e+02 9.8749697796e-02 5.0567397166e-03
6.7600000000e+02 9.7886345693e-02 5.2622757927e-03
6.7700000000e+02 9.4868065930e-02 5.6783623920e-03
6.7800000000e+02 9.7773679054e-02 5.8413972025e-03
6.7900000000e+02 1.0286837345e-01 5.5988113970e-03
6.8000000000e+02 1.0894881874e-01 5.6622344038e-03
6.8100000000e+02 1.0491333948e-01 5.0295086186e-03
6.8200000000e+02 1.0771695446e-01 5.3761873856e-03
6.8300000000e+02 1.0303162838e-01 5.3977625526e-03
6.8400000000e+02 1.0231679520e-01 5.6271505671e-03
6.8500000000e+02 9.8975454607e-02 5.8309077351e-03
6.8600000000e+02 9.7553948197e-02 5.4709253500e-03
6.8700000000e+02 1.0033440731e-01 5.0489167805e-03
6.8800000000e+02 9.9320076800e-02 4.7324003408e-03
6.8900000000e+02 1.0402410731e-01 5.0080341306e-03
6.9000000000e+02 1.0523561862e-01 5.4757093262e-03
6.9100000000e+02 1.0479888787e-01 5.3086127661e-03
6.9200000000e+02 1.0076616742e-01 5.0077339890e-03
6.9300000000e+02 1.0237532918e-01 5.1317765735e-03
6.9400000000e+02 1.0562334176e-01 5.2779330021e-03
6.9500000000e+02 1.0899625396e-01 5.8317051463e-03
6.9600000000e+02 1.1840233496e-01 5.7819008824e-03
6.9700000000e+02 1.1851733502e-01 5.4532737353e-03
6.9800000000e+02 1.1781091304e-01 5.6127838175e-03
6.9900000000e+02 1.1427772761e-01 6.0932583347e-03
7.0000000000e+02 1.0695389722e-01 6.3236081660e-03
7.0100000000e+02 1.0525351478e-01 5.6643077652e-03
7.0200000000e+02 1.0601892585e-01 5.0209340014e-03
7.0300000000e+02 1.0082982627e-01 4.7267340984e-03
7.0400000000e+02 9.5931449721e-02 5.1971178206e-03
7.0500000000e+02 9.3746670666e-02 5.4981999150e-03
7.0600000000e+02 1.0314894834e-01 5.1335138811e-03
7.0700000000e+02 1.0388151479e-01 5.3654652893e-03
7.0800000000e+02 1.0816505945e-01 5.5597628028e-03
7.0900000000e+02 1.0330719052e-01 5.9765213223e-03
7.1000000000e+02 9.9305316990e-02 6.1704769390e-03
7.1100000000e+02 1.0036483652e-01 5.7039854668e-03
7.1200000000e+02 9.7457243595e-02 5.5604633119e-03
7.1300000000e+02 1.0092017466e-01 5.7955395880e-03
7.1400000000e+02 1.0256052143e-01 5.4810294932e-03
7.1500000000e+02 1.0118987454e-01 5.0740468783e-03
7.1600000000e+02 9.6554140749e-02 5.4995016284e-03
7.1700000000e+02 9.7928666102e-02 5.2789330732e-03
7.1800000000e+02 9.8965572840e-02 5.2185926033e-03
7.1900000000e+02 1.0268173205e-01 5.4668744166e-03
7.2000000000e+02 1.0439247310e-01 5.5614611747e-03
7.2100000000e+02 1.0382208071e-01 5.2368702152e-03
7.2200000000e+02 1.0143830896e-01 5.6278074606e-03
7.2300000000e+02 1.0180610189e-01 5.7238458278e-03
7.2400000000e+02 1.0247687114e-01 5.6641927481e-03
7.2500000000e+02 1.0772751827e-01 5.7906188575e-03
7.2600000000e+02 1.0723543087e-01 5.7716802690e-03
7.2700000000e+02 1.0609675137e-01 5.3610351139e-03
7.2800000000e+02 9.9783459377e-02 5.8159116961e-03
7.2900000000e+02 9.7073108547e-02 6.1361837757e-03
7.3000000000e+02 9.7582174419e-02 5.8255164923e-03
7.3100000000e+02 9.5639815933e-02 4.9507937689e-03
7.3200000000e+02 9.1191610691e-02 4.2288626467e-03
7.3300000000e+02 9.3353047462e-02 4.5083000515e-03
7.3400000000e+02 9.4895285425e-02 5.3355368937e-03
7.3500000000e+02 9.2358905915e-02 5.3338319353e-03
7.3600000000e+02 9.4084797046e-02 5.0849862093e-03
7.3700000000e+02 9.2389523216e-02 5.2163884965e-03
7.3800000000e+02 9.4691689324e-02 4.7268082031e-03
7.3900000000e+02 9.4678384182e-02 4.9267736064e-03
7.4000000000e+02 9.8325049340e-02 4.8699551769e-03
7.4100000000e+02 1.0527185960e-01 4.8350087995e-03
7.4200000000e+02 1.0853900202e-01 5.4016976062e-03
7.4300000000e+02 9.7902685578e-02 5.4376660768e-03
7.4400000000e+02 9.8664887433e-02 5.6511445322e-03
7.4500000000e+02 1.0120273115e-01 5.6381632141e-03
7.4600000000e+02 1.0161475610e-01 5.4007422860e-03
7.4700000000e+02 1.0228625042e-01 5.6623424484e-03
7.4800000000e+02 1.0357637781e-01 5.4825002153e-03
7.4900000000e+02 1.0054740119e-01 5.1563377405e-03
7.5000000000e+02 9.7416997423e-02 4.7531817712e-03
7.5100000000e+02 9.6271203921e-02 5.0218049821e-03
7.5200000000e+02 1.0009169866e-01 4.9799605236e-03
7.5300000000e+02 9.6630969965e-02 4.7868764466e-03
7.5400000000e+02 9.3455368443e-02 4.9684960056e-03
7.5500000000e+02 9.5781651022e-02 5.1112567451e-03
7.5600000000e+02 9.5814959621e-02 5.1536320900e-03
7.5700000000e+02 9.6421328166e-02 6.0597111565e-03
7.5800000000e+02 1.0162838626e-01 5.5349675278e-03
7.5900000000e+02 1.0249891333e-01 5.7858395117e-03
7.6000000000e+02 1.0055406541e-01 5.7050178490e-03
7.6100000000e+02 1.0305772782e-01 5.5130710869e-03
7.6200000000e+02 9.7518999056e-02 5.6329224260e-03
7.6300000000e+02 9.5452499659e-02 5.3616560003e-03
7.6400000000e+02 9.4855133013e-02 5.2734920149e-03
7.6500000000e+02 1.0059120676e-01 5.5248248233e-03
7.6600000000e+02 1.0407817455e-01 5.6774676043e-03
7.6700000000e+02 1.0045852638e-01 5.6768146566e-03
7.6800000000e+02 1.0341043565e-01 5.7216897884e-03
7.6900000000e+02 1.0589025022e-01 5.5956227349e-03
7.7000000000e+02 1.0035607323e-01 5.9749094066e-03
7.7100000000e+02 1.0101117879e-01 5.9194834800e-03
7.7200000000e+02 9.6008717739e-02 5.5445103829e-03
7.7300000000e+02 8.9318751396e-02 5.3433068453e-03
7.7400000000e+02 9.3031380640e-02 5.2097010839e-03
7.7500000000e+02 9.9136209054e-02 5.0602110271e-03
7.7600000000e+02 9.6630044041e-02 5.1310376162e-03
7.7700000000e+02 9.5184741126e-02 4.5726878383e-03
7.7800000000e+02 9.7485403295e-02 4.7530696215e-03
7.7900000000e+02 1.0177874447e-01 5.1473338888e-03
7.8000000000e+02 1.0084640682e-01 5.3258352545e-03
7.8100000000e+02 9.4199640512e-02 5.3499957655e-03
7.8200000000e+02 9.1908587446e-02 5.0119148843e-03
7.8300000000e+02 9.3306775635e-02 4.7136397983e-03
7.8400000000e+02 9.0342786284e-02 4.9433030027e-03
7.8500000000e+02 8.4111396019e-02 5.3871762208e-03
7.8600000000e+02 9.0314883729e-02 4.9783250345e-03
7.8700000000e+02 1.0023099867e-01 4.9168159609e-03
7.8800000000e+02 1.0088720912e-01 5.1298313889e-03
7.8900000000e+02 9.4758544667e-02 5.0311779502e-03
7.9000000000e+02 9.2799071019e-02 4.8913780744e-03
7.9100000000e+02 9.3725503043e-02 4.5167367560e-03
7.9200000000e+02 9.6608412244e-02 4.8636543862e-03
7.9300000000e+02 9.6124916885e-02 5.5046866836e-03
7.9400000000e+02 9.9230063054e-02 5.6040916187e-03
7.9500000000e+02 1.0888876584e-01 5.8616377466e-03
7.9600000000e+02 1.1360404697e-01 5.7730244638e-03
7.9700000000e+02 1.1275962898e-01 5.7589997578e-03
7.9800000000e+02 1.0783317864e-01 5.6573334483e-03
7.9900000000e+02 9.9272104150e-02 5.2716772818e-03
8.0000000000e+02 9.7178446726e-02 4.9316919811e-03
8.0100000000e+02 9.7503336976e-02 5.4521584483e-03
8.0200000000e+02 1.0037860830e-01 5.8586214693e-03
8.0300000000e+02 9.4641273217e-02 5.4217047405e-03
8.0400000000e+02 9.5045135330e-02 5.2493809958e-03
8.0500000000e+02 9.8732602901e-02 5.3968634461e-03
8.0600000000e+02 1.0135711720e-01 5.8329365958e-03
8.0700000000e+02 1.0536503438e-01 5.5364308274e-03
8.0800000000e+02 1.0611852143e-01 5.3354960477e-03
8.0900000000e+02 1.0277799232e-01 5.2207112696e-03
8.1000000000e+02 1.0380805461e-01 5.4218334575e-03
8.1100000000e+02 1.0281986097e-01 5.0606421527e-03
8.1200000000e+02 1.0290078289e-01 4.5918002300e-03
8.1300000000e+02 1.0170560337e-01 4.8146363106e-03
8.1400000000e+02 1.0380363963e-01 5.3396950075e-03
8.1500000000e+02 1.0664781917e-01 5.2857218027e-03
8.1600000000e+02 1.0406850920e-01 5.1545413884e-03
8.1700000000e+02 1.0351397432e-01 4.7917250974e-03
8.1800000000e+02 1.0450756338e-01 4.9393372180e-03
8.1900000000e+02 1.0382977113e-01 5.1835616762e-03
8.2000000000e+02 9.9600022387e-02 5.0011088478e-03
8.2100000000e+02 9.7066193768e-02 5.0051102486e-03
8.2200000000e+02 9.2346013113e-02 4.8565067401e-03
8.2300000000e+02 9.0762804030e-02 4.8054642455e-03
8.2400000000e+02 8.8299585262e-02 4.6438776521e-03
8.2500000000e+02 9.2790572133e-02 4.9924203283e-03
8.2600000000e+02 9.2532483322e-02 5.6609855044e-03
8.2700000000e+02 9.3500163491e-02 5.0564580065e-03
8.2800000000e+02 9.6407668107e-02 5.2729825440e-03
8.2900000000e+02 9.7199632126e-02 5.3824027124e-03
8.3000000000e+02 1.0285023976e-01 5.3459806965e-03
8.3100000000e+02 9.7036317505e-02 4.9241561366e-03
8.3200000000e+02 9.2568014733e-02 4.8390878343e-03
8.3300000000e+02 9.3410116389e-02 4.5756266299e-03
8.3400000000e+02 9.9112294260e-02 4.6640651156e-03
8.3500000000e+02 1.0183208512e-01 5.5510506374e-03
8.3600000000e+02 1.0406074327e-01 5.4496568293e-03
8.3700000000e+02 9.7702241732e-02 5.4163798440e-03
8.3800000000e+02 1.0438314925e-01 5.4744748134e-03
8.3900000000e+02 1.0360572236e-01 5.9045131590e-03
8.4000000000e+02 1.0641497424e-01 5.7634661712e-03
8.4100000000e+02 1.0067562002e-01 5.8637673367e-03
8.4200000000e+02 9.8375981037e-02 5.6809031556e-03
8.4300000000e+02 1.0172695806e-01 5.6119641334e-03
8.4400000000e+02 1.0526222677e-01 5.2260774606e-03
8.4500000000e+02 1.0250155657e-01 5.1777804621e-03
8.4600000000e+02 1.0611742935e-01 5.4140142593e-03
8.4700000000e+02 1.0271549740e-01 6.3108248071e-03
8.4800000000e+02 1.0073254027e-01 6.0092923309e-03
8.4900000000e+02 9.9920117397e-02 5.2523905946e-03
8.5000000000e+02 1.0039041925e-01 4.8717176498e-03
8.5100000000e+02 9.8502320468e-02 4.9208460122e-03
8.5200000000e+02 1.0671966245e-01 5.4789124179e-03
8.5300000000e+02 1.0774861400e-01 5.5072935782e-03
8.5400000000e+02 1.0619045402e-01 5.6970825893e-03
8.5500000000e+02 1.0929402657e-01 5.2414492187e-03
8.5600000000e+02 1.0552806454e-01 4.8804677815e-03
8.5700000000e+02 1.0286199562e-01 4.9027597204e-03
8.5800000000e+02 1.0282263811e-01 4.8412958027e-03
8.5900000000e+02 9.9986391364e-02 5.0467442581e-03
8.6000000000e+02 9.8610503408e-02 5.3717896889e-03
8.6100000000e+02 9.8641873973e-02 5.3974946869e-03
8.6200000000e+02 9.3494377587e-02 5.3752243864e-03
8.6300000000e+02 1.0065677874e-01 5.6314522393e-03
8.6400000000e+02 1.0709081051e-01 6.3415284258e-03
8.6500000000e+02 1.1688343754e-01 5.9274625350e-03
8.6600000000e+02 1.1371563022e-01 5.7422583811e-03
8.6700000000e+02 1.0276973074e-01 5.9051662672e-03
8.6800000000e+02 9.8692013804e-02 5.9829682492e-03
8.6900000000e+02 9.8856652935e-02 5.4459839863e-03
8.7000000000e+02 9.6674971528e-02 5.6797096513e-03
8.7100000000e+02 9.6103352192e-02 5.5848554694e-03
8.7200000000e+02 9.1577766049e-02 4.9275577973e-03
8.7300000000e+02 9.0470221326e-02 4.6194701151e-03
8.7400000000e+02 9.4194710945e-02 4.8629727647e-03
8.7500000000e+02 9.7442724089e-02 4.8159532279e-03
8.7600000000e+02 1.0008156473e-01 5.2411787082e-03
8.7700000000e+02 9.9511430906e-02 5.6326293112e-03
8.7800000000e+02 1.0084574587e-01 6.0081911687e-03
8.7900000000e+02 1.0132141492e-01 5.4709868273e-03
8.8000000000e+02 9.8262512619e-02 5.4169840326e-03
8.8100000000e+02 9.4918023426e-02 5.0942936179e-03
8.8200000000e+02 8.8427038880e-02 5.3174337845e-03
8.8300000000e+02 8.9740142918e-02 4.9080820588e-03
8.8400000000e+02 9.3553672614e-02 4.4659118160e-03
8.8500000000e+02 9.2066410427e-02 4.2820738882e-03
8.8600000000e+02 9.0287328549e-02 4.6214721730e-03
8.8700000000e+02 9.5033327941e-02 5.0937287031e-03
8.8800000000e+02 9.5128164977e-02 5.3114548089e-03
8.8900000000e+02 9.9265871742e-02 5.6027381967e-03
8.9000000000e+02 9.9690725194e-02 5.8236535483e-03
8.9100000000e+02 1.0261115947e-01 5.4068998284e-03
8.9200000000e+02 1.0307575049e-01 5.2215298834e-03
8.9300000000e+02 9.6997486454e-02 5.0436806792e-03
8.9400000000e+02 9.5311921077e-02 5.1046135812e-03
8.9500000000e+02 9.8112516927e-02 4.6980030802e-03
8.9600000000e+02 9.6296905345e-02 4.7241592405e-03
8.9700000000e+02 9.6799095777e-02 5.0185725227e-03
8.9800000000e+02 9.6192940204e-02 4.6974124925e-03
8.9900000000e+02 9.6466040674e-02 4.5269548444e-03
9.0000000000e+02 9.3570897904e-02 4.7518080257e-03
9.0100000000e+02 8.9380019341e-02 4.9490181262e-03
9.0200000000e+02 9.1167999173e-02 5.0618654893e-03
9.0300000000e+02 9.3484828353e-02 4.9988620882e-03
9.0400000000e+02 9.4451594030e-02 4.9231822256e-03
9.0500000000e+02 9.2926033885e-02 4.7298590137e-03
9.0600000000e+02 8.7649160057e-02 5.0783605853e-03
9.0700000000e+02 8.5718456373e-02 5.3307554404e-03
9.0800000000e+02 9.2926119999e-02 4.7967816894e-03
9.0900000000e+02 9.5479199348e-02 5.0187162666e-03
9.1000000000e+02 9.4309040345e-02 4.7649366388e-03
9.1100000000e+02 9.5926909024e-02 4.9716474317e-03
9.1200000000e+02 9.7137852040e-02 4.9844992753e-03
9.1300000000e+02 9.2911997248e-02 4.4484270745e-03
9.1400000000e+02 9.1340396165e-02 4.3317650236e-03
9.1500000000e+02 9.2148440387e-02 4.7284891372e-03
9.1600000000e+02 9.0891728468e-02 5.3633910138e-03
9.1700000000e+02 9.8285636853e-02 5.1616843097e-03
9.1800000000e+02 9.4725768765e-02 4.9919744440e-03
9.1900000000e+02 9.8413777160e-02 5.2242532947e-03
9.2000000000e+02 9.9561176764e-02 5.6672760330e-03
9.2100000000e+02 9.6846585582e-02 5.4973742091e-03
9.2200000000e+02 9.7876178446e-02 5.1297393498e-03
9.2300000000e+02 9.5206016008e-02 4.7349861387e-03
9.2400000000e+02 9.4500108707e-02 5.0863841759e-03
9.2500000000e+02 9.4725700083e-02 5.1379403408e-03
9.2600000000e+02 9.3006426350e-02 5.5685984866e-03
9.2700000000e+02 9.0072736404e-02 5.3957792145e-03
9.2800000000e+02 9.3597687844e-02 5.3837455003e-03
9.2900000000e+02 9.6098397120e-02 5.2072001339e-03
9.3000000000e+02 9.5061649312e-02 5.1045726176e-03
9.3100000000e+02 9.2790826410e-02 5.0427643079e-03
9.3200000000e+02 9.1423482118e-02 5.1549218990e-03
9.3300000000e+02 9.2767677110e-02 4.8930003976e-03
9.3400000000e+02 9.8130922310e-02 4.7782411757e-03
9.3500000000e+02 9.4169512297e-02 4.7589466244e-03
9.3600000000e+02 9.2169585424e-02 4.7364977629e-03
9.3700000000e+02 9.1332337842e-02 4.9015410922e-03
9.3800000000e+02 9.1024020268e-02 5.1272669789e-03
9.3900000000e+02 9.0770869006e-02 5.3004897237e-03
9.4000000000e+02 9.3124248030e-02 5.0544509401e-03
9.4100000000e+02 9.2783637176e-02 4.5239512688e-03
9.4200000000e+02 9.4004086229e-02 4.5231002317e-03
9.4300000000e+02 8.9281616228e-02 4.6967850347e-03
9.4400000000e+02 8.8164420397e-02 5.0026214484e-03
9.4500000000e+02 8.6323645764e-02 5.2965383880e-03
9.4600000000e+02 9.0083838818e-02 5.1560096131e-03
9.4700000000e+02 9.1922785960e-02 5.5026125651e-03
9.4800000000e+02 9.5231270760e-02 5.3474652549e-03
9.4900000000e+02 9.7712451003e-02 5.4178351923e-03
9.5000000000e+02 1.0069667792e-01 4.9450874929e-03
9.5100000000e+02 9.7945024404e-02 5.1019520021e-03
9.5200000000e+02 1.0205094665e-01 5.0053712318e-03
9.5300000000e+02 1.0194400665e-01 5.1054024700e-03
9.5400000000e+02 9.6870446626e-02 4.9602367881e-03
9.5500000000e+02 9.6277633694e-02 5.1037783932e-03
9.5600000000e+02 9.4800250762e-02 4.7135366009e-03
9.5700000000e+02 9.5211437664e-02 4.6504630629e-03
9.5800000000e+02 9.0691856873e-02 5.1693505462e-03
9.5900000000e+02 8.9724399722e-02 5.7535675102e-03
9.6000000000e+02 9.3292460450e-02 5.9676610915e-03
9.6100000000e+02 9.6483009159e-02 5.5184816768e-03
9.6200000000e+02 9.7246678180e-02 5.1838844330e-03
9.6300000000e+02 9.7560078080e-02 4.8314978977e-03
9.6400000000e+02 9.2064005804e-02 4.9253048706e-03
9.6500000000e+02 8.8631066217e-02 5.1228443468e-03
9.6600000000e+02 8.9869212058e-02 4.9459115335e-03
9.6700000000e+02 8.9005250717e-02 4.9581359072e-03
9.6800000000e+02 9.0182800321e-02 4.9856431351e-03
9.6900000000e+02 9.2333903614e-02 4.7120702735e-03
9.7000000000e+02 9.3283759328e-02 5.0022904281e-03
9.7100000000e+02 9.7780559518e-02 5.2010440715e-03
9.7200000000e+02 9.4508864078e-02 5.1461716582e-03
9.7300000000e+02 8.6622150546e-02 4.7114469370e-03
9.7400000000e+02 8.2250446772e-02 4.6862897338e-03
9.7500000000e+02 8.4395216538e-02 4.6699956214e-03
9.7600000000e+02 8.8562150642e-02 5.0724378367e-03
9.7700000000e+02 8.7755390592e-02 5.0577978389e-03
9.7800000000e+02 8.9424792762e-02 4.7692303899e-03
9.7900000000e+02 9.1660834439e-02 4.8527157835e-03
9.8000000000e+02 9.6244886622e-02 5.1381071098e-03
9.8100000000e+02 9.7089704353e-02 5.4937125225e-03
9.8200000000e+02 9.5085962901e-02 5.2591536776e-03
9.8300000000e+02 9.6450934026e-02 4.9237242806e-03
9.8400000000e+02 9.1402599998e-02 4.9176541274e-03
9.8500000000e+02 8.6689138376e-02 4.8320064291e-03
9.8600000000e+02 8.6089072550e-02 5.0141457456e-03
9.8700000000e+02 8.7471899632e-02 5.1907678877e-03
9.8800000000e+02 9.1238367200e-02 5.4052456041e-03
9.8900000000e+02 9.4342401971e-02 5.1998453198e-03
9.9000000000e+02 9.6051117828e-02 5.1428742343e-03
9.9100000000e+02 9.7434435070e-02 5.3239856990e-03
9.9200000000e+02 9.4152003929e-02 5.3833249137e-03
9.9300000000e+02 9.0899089627e-02 4.9793806981e-03
9.9400000000e+02 9.0625056435e-02 4.9305873660e-03
9.9500000000e+02 9.2573103099e-02 4.7052573296e-03
9.9600000000e+02 9.4848008361e-02 4.8112723605e-03
9.9700000000e+02 9.4077898161e-02 4.6124539892e-03
9.9800000000e+02 9.4062423902e-02 4.7396256083e-03
9.9900000000e+02 9.7233326632e-02 5.2121930836e-03
