1.000000000000000000e+00
9.744010966388414463e-01
9.932835532644952448e-01
9.964291483697452767e-01
9.771039582050580208e-01
9.808024167249291825e-01
9.977941058984457490e-01
9.884946869500053079e-01
9.759676087018454016e-01
9.887325103685180583e-01
9.957082248516522238e-01
9.819822381930281008e-01
9.804692565770987134e-01
9.928538201258969575e-01
9.900140032974873439e-01
9.805990411937777207e-01
9.860406111444308674e-01
9.917949316875753762e-01
9.856524678512919024e-01
9.833075818378291810e-01
9.885665151949287743e-01
9.884673598958111373e-01
9.850369694863372327e-01
9.862765053436530760e-01
9.876838238678702364e-01
9.865396499478704673e-01
9.867039700278994463e-01
9.869074228329919318e-01
9.860054835525280392e-01
9.870371632131560435e-01
9.877869799632013059e-01
9.857521954240346940e-01
9.858122099607042887e-01
9.882680219360608920e-01
9.871422045257775002e-01
9.849432109622504594e-01
9.869716398858537909e-01
9.883840549272464582e-01
9.859165965686151889e-01
9.855132835479076814e-01
9.878547150882639460e-01
9.873692200987351786e-01
9.856155918646305469e-01
9.866099376869920112e-01
9.875606301292367828e-01
9.865374402088866734e-01
9.863157128720756450e-01
9.869616021107330273e-01
9.867569579080701647e-01
9.866922499622632348e-01
