0.000000000000000000e+00
2.265898922417468439e-04
5.367591617980174094e-04
9.547646016487490320e-04
1.305615403021264135e-03
1.690900983804649897e-03
1.944125784173094187e-03
2.509011797462927951e-03
3.261263307478025602e-03
2.821918595033317406e-03
2.482976519355851314e-03
2.339173070634020715e-03
2.422730242075114837e-03
3.132140950592325179e-03
3.407762373011979755e-03
4.531192155597357774e-03
4.673084332843214020e-03
4.302677448728323140e-03
4.382965063340972175e-03
3.182986760979520779e-03
3.769091084356146221e-03
3.192656579618254747e-03
3.882483620036867710e-03
5.397043267199004915e-03
5.944375365598340670e-03
5.641094319948119357e-03
5.867089071026385973e-03
6.240929601370953130e-03
6.237593147903864980e-03
6.020457407118515875e-03
6.863047818132207538e-03
6.666043396604087214e-03
6.713889441092095803e-03
9.286053123833912584e-03
1.199736332159632296e-02
9.589629170771690747e-03
1.032891085206248151e-02
9.237682356859910210e-03
7.304347736070884028e-03
9.407771180978592024e-03
9.961625585456074239e-03
8.764713850314929944e-03
9.909514982789451726e-03
1.019801028363805963e-02
9.127066573841883385e-03
8.602913998626482081e-03
7.708059183061778154e-03
9.176257722378710832e-03
1.086710103647504227e-02
1.111686301792526137e-02
