1.000000000000000000e+00
8.846663826130336528e-01
7.358917254944102870e-01
6.614915455976106973e-01
5.473381480357140116e-01
4.947812320724624402e-01
5.225026035178770289e-01
5.064362626358285269e-01
5.104494067853090344e-01
4.002156560128816709e-01
5.231584910578421788e-01
4.147957353310192663e-01
3.942145306154311579e-01
4.580895634856751997e-01
4.887573101073148796e-01
4.049934134349789661e-01
3.567539705618391066e-01
3.351159436509199563e-01
2.926767544848479230e-01
3.628129760762427436e-01
4.547189510384271327e-01
3.794784714433785955e-01
4.229755985922513117e-01
3.820300382739763023e-01
3.624453020440637774e-01
3.901821511069764048e-01
4.047968910045400825e-01
3.375269919568856802e-01
3.433496182037823474e-01
3.309964100688151389e-01
2.616025313238955485e-01
3.153634100042418398e-01
3.306138079533899043e-01
3.496280942831654914e-01
3.778955222928109259e-01
3.877774779012742590e-01
3.747376898599089623e-01
3.617049339930157315e-01
3.685709497331146611e-01
2.868207072664228363e-01
2.806875300590051525e-01
2.781723070018934374e-01
2.467340070352262438e-01
2.519653590065990545e-01
2.869431129751289222e-01
3.109808823013046064e-01
3.194092337193700226e-01
3.101023997412238886e-01
3.052943976864738174e-01
3.055468234350472434e-01
