1.000000000000000000e+00
9.977097567631811881e-01
9.957471553513492779e-01
9.926968110329328354e-01
9.923549825436394078e-01
9.890918193196540642e-01
9.894867189287172016e-01
9.850903064312485080e-01
9.787409448430610670e-01
9.780881053910558398e-01
9.751127946815681957e-01
9.747190760313527713e-01
9.741686669929683351e-01
9.736068280088326921e-01
9.670038466167664160e-01
9.604809788869153042e-01
9.582383577802712216e-01
9.598969530884049473e-01
9.554145475623514461e-01
9.630676361357130011e-01
9.596579401322490321e-01
9.583772546444082607e-01
9.535733770530475661e-01
9.535954264075579001e-01
9.483919959763877916e-01
9.492473242117807075e-01
9.409286172120012726e-01
9.397090109771731870e-01
9.337180149124899575e-01
9.269746032112393674e-01
9.205988597483324432e-01
9.267090718204464839e-01
9.316862620524229976e-01
9.211255117794031611e-01
9.086372082046304532e-01
9.162485026644316966e-01
9.079812813997797383e-01
9.095323879689518609e-01
9.172885687563164803e-01
9.163146932100995068e-01
9.193043701372923815e-01
9.281170603365291871e-01
9.168114281844372826e-01
9.161810364117897176e-01
9.175966016412150372e-01
9.181271627170625171e-01
9.160434419221763491e-01
9.086528518393081066e-01
9.082410639334858038e-01
9.126331513772170112e-01
