0.000000000000000000e+00
6.035802390864365881e-03
1.133163904182492993e-02
1.680857505594237147e-02
2.796377486806379473e-02
2.966603371995185992e-02
3.532408611355689759e-02
4.066253256127401461e-02
4.020293919969755020e-02
4.415027751679039686e-02
3.730166613813587495e-02
4.423171719229539167e-02
4.296830622653600301e-02
3.999648059815565093e-02
3.812220540057358747e-02
3.506017045464481646e-02
2.991585508082705500e-02
2.858586925416783942e-02
3.238194517464378086e-02
3.256092231849377905e-02
4.084800623663697311e-02
3.304744098916979900e-02
3.416794272250749803e-02
2.961206468527684613e-02
3.247633593619709408e-02
3.567356391643506514e-02
3.340164725216430985e-02
3.375945225851519765e-02
3.796914048196568109e-02
3.772397630169948418e-02
3.916765481070935695e-02
4.207714627776816541e-02
3.963981925615032292e-02
3.974247334001098503e-02
3.830453246942275292e-02
3.701359284412515660e-02
3.803856768041608688e-02
3.582395345195198838e-02
4.146804277483352036e-02
4.060189785828199199e-02
4.131572909304766228e-02
4.379510380142834919e-02
4.182978297613829111e-02
4.486517713122898515e-02
4.163633011299106013e-02
4.194246531468009270e-02
4.088540150190987654e-02
3.661188299632810866e-02
3.807058812146180832e-02
3.406744465876118677e-02
