# index  mean  stderr
0.0000000000e+00 1.0000000000e+00 0.0000000000e+00
1.0000000000e+00 9.2822546496e-01 7.5160629114e-04
2.0000000000e+00 7.5709680342e-01 1.6852095228e-03
3.0000000000e+00 5.8046708680e-01 2.8093163301e-03
4.0000000000e+00 4.7649747977e-01 3.1861095416e-03
5.0000000000e+00 4.4955345666e-01 3.2198884313e-03
6.0000000000e+00 4.7238821124e-01 4.2639060895e-03
7.0000000000e+00 5.1768891651e-01 5.0339963860e-03
8.0000000000e+00 5.5128496684e-01 4.8852251700e-03
9.0000000000e+00 5.5931682492e-01 4.5579139528e-03
1.0000000000e+01 5.5247079620e-01 4.7391986560e-03
1.1000000000e+01 5.4377800512e-01 5.3454187789e-03
1.2000000000e+01 5.3737447481e-01 5.7973951282e-03
1.3000000000e+01 5.3500826168e-01 5.9061949187e-03
1.4000000000e+01 5.3499941402e-01 5.5823710637e-03
1.5000000000e+01 5.3919870132e-01 5.2754000043e-03
1.6000000000e+01 5.4552159136e-01 5.2011623534e-03
1.7000000000e+01 5.5131769927e-01 5.3278395961e-03
1.8000000000e+01 5.5063404230e-01 5.2590988562e-03
1.9000000000e+01 5.4581211775e-01 5.2944341987e-03
2.0000000000e+01 5.4111579186e-01 5.4482084717e-03
2.1000000000e+01 5.4437036233e-01 5.5749010262e-03
2.2000000000e+01 5.5356019699e-01 5.4612142807e-03
2.3000000000e+01 5.6497050484e-01 5.1504749404e-03
2.4000000000e+01 5.6970547251e-01 4.7938447707e-03
2.5000000000e+01 5.6627150915e-01 4.6119239293e-03
2.6000000000e+01 5.5789016635e-01 4.6469413637e-03
2.7000000000e+01 5.5003580257e-01 5.2849672145e-03
2.8000000000e+01 5.4814625022e-01 5.9782755529e-03
2.9000000000e+01 5.5077395068e-01 6.2349684357e-03
3.0000000000e+01 5.5095596192e-01 6.1294852644e-03
3.1000000000e+01 5.4878906423e-01 5.9526720930e-03
3.2000000000e+01 5.4528207129e-01 6.1066760739e-03
3.3000000000e+01 5.4237369845e-01 6.3934091455e-03
3.4000000000e+01 5.4110252888e-01 6.3243164290e-03
3.5000000000e+01 5.4096878440e-01 6.2136543860e-03
3.6000000000e+01 5.4167775295e-01 6.2517190911e-03
3.7000000000e+01 5.4027125748e-01 6.1573548280e-03
3.8000000000e+01 5.3836098736e-01 5.9920043386e-03
3.9000000000e+01 5.3285948680e-01 6.1659211080e-03
4.0000000000e+01 5.2535841728e-01 6.5535715038e-03
4.1000000000e+01 5.1579761872e-01 6.5905523671e-03
4.2000000000e+01 5.1085385225e-01 6.5433373752e-03
4.3000000000e+01 5.0951950590e-01 6.3823360111e-03
4.4000000000e+01 5.1135006654e-01 6.1678706838e-03
4.5000000000e+01 5.1504966419e-01 5.8040941598e-03
4.6000000000e+01 5.1628634670e-01 5.5816088982e-03
4.7000000000e+01 5.1357678786e-01 5.7147316986e-03
4.8000000000e+01 5.1077156764e-01 5.9885795755e-03
4.9000000000e+01 5.0786916026e-01 6.1658167644e-03
5.0000000000e+01 5.0676008034e-01 6.3358394540e-03
5.1000000000e+01 5.0638246541e-01 6.3617586385e-03
5.2000000000e+01 5.0442852245e-01 6.3454402636e-03
5.3000000000e+01 5.0035430035e-01 6.4535682759e-03
5.4000000000e+01 4.9548939696e-01 6.4028205809e-03
5.5000000000e+01 4.9307612471e-01 6.2877508686e-03
5.6000000000e+01 4.9301418549e-01 6.1981223849e-03
5.7000000000e+01 4.9343951841e-01 6.2596447607e-03
5.8000000000e+01 4.9182412648e-01 6.5194992107e-03
5.9000000000e+01 4.9094048423e-01 6.5773107199e-03
6.0000000000e+01 4.8779104192e-01 6.5274375063e-03
6.1000000000e+01 4.8363123214e-01 6.2966366790e-03
6.2000000000e+01 4.7959798413e-01 6.3105702297e-03
6.3000000000e+01 4.7714846089e-01 6.4785016892e-03
6.4000000000e+01 4.7689655618e-01 6.4609092500e-03
6.5000000000e+01 4.7912487120e-01 6.1623960633e-03
6.6000000000e+01 4.8285745902e-01 6.0210179515e-03
6.7000000000e+01 4.8587231338e-01 6.0777713598e-03
6.8000000000e+01 4.8721821621e-01 6.1464835362e-03
6.9000000000e+01 4.8551716024e-01 6.1694744885e-03
7.0000000000e+01 4.8337208706e-01 6.0970093715e-03
7.1000000000e+01 4.8119960379e-01 5.9041050874e-03
7.2000000000e+01 4.7888994103e-01 5.8038046933e-03
7.3000000000e+01 4.7433338941e-01 5.7089612281e-03
7.4000000000e+01 4.7105723164e-01 5.4809220404e-03
7.5000000000e+01 4.6876733593e-01 5.4691429449e-03
7.6000000000e+01 4.6615074520e-01 5.7261393344e-03
7.7000000000e+01 4.6492977098e-01 6.1358630892e-03
7.8000000000e+01 4.6551240338e-01 6.1872148523e-03
7.9000000000e+01 4.6614674228e-01 6.0139976590e-03
8.0000000000e+01 4.6621583001e-01 5.8031535541e-03
8.1000000000e+01 4.6359182384e-01 5.6745834480e-03
8.2000000000e+01 4.6153640637e-01 5.8496069493e-03
8.3000000000e+01 4.5941461244e-01 6.2634349535e-03
8.4000000000e+01 4.5864213042e-01 6.6125097873e-03
8.5000000000e+01 4.5867406222e-01 6.7904670757e-03
8.6000000000e+01 4.6046833985e-01 6.7151585749e-03
8.7000000000e+01 4.5776001309e-01 6.3023164066e-03
8.8000000000e+01 4.5482600724e-01 6.1810245523e-03
8.9000000000e+01 4.5062998441e-01 6.1162117487e-03
9.0000000000e+01 4.4847623270e-01 6.1004965391e-03
9.1000000000e+01 4.4576672320e-01 6.1325992869e-03
9.2000000000e+01 4.4364000374e-01 6.2238807565e-03
9.3000000000e+01 4.4168688622e-01 6.0042306897e-03
9.4000000000e+01 4.4078499416e-01 5.8069331177e-03
9.5000000000e+01 4.3967502203e-01 6.0155254960e-03
9.6000000000e+01 4.4028963155e-01 6.2654771256e-03
9.7000000000e+01 4.4050322929e-01 6.5004761582e-03
9.8000000000e+01 4.4022122780e-01 6.7080191841e-03
9.9000000000e+01 4.4063024988e-01 6.8862505365e-03
1.0000000000e+02 4.4035397990e-01 6.9758054840e-03
1.0100000000e+02 4.3810712843e-01 7.2477671070e-03
1.0200000000e+02 4.3552447611e-01 7.1713880441e-03
1.0300000000e+02 4.3196422966e-01 7.0314179144e-03
1.0400000000e+02 4.2724610317e-01 6.7464353629e-03
1.0500000000e+02 4.2170250214e-01 6.5142393517e-03
1.0600000000e+02 4.1723267036e-01 6.5494615678e-03
1.0700000000e+02 4.1527691010e-01 6.8466610632e-03
1.0800000000e+02 4.1711511409e-01 7.0679910810e-03
1.0900000000e+02 4.2131357730e-01 7.0167815263e-03
1.1000000000e+02 4.2347074240e-01 6.8285283470e-03
1.1100000000e+02 4.2357769511e-01 6.5449999633e-03
1.1200000000e+02 4.2110721292e-01 6.2549929656e-03
1.1300000000e+02 4.1604408150e-01 6.0792006378e-03
1.1400000000e+02 4.1196269372e-01 6.1242081099e-03
1.1500000000e+02 4.0974306144e-01 6.0795585242e-03
1.1600000000e+02 4.1029212288e-01 5.9104479617e-03
1.1700000000e+02 4.1170763323e-01 5.9241613254e-03
1.1800000000e+02 4.1298920809e-01 6.0304620791e-03
1.1900000000e+02 4.1302518426e-01 6.2431920370e-03
1.2000000000e+02 4.1168956242e-01 6.5000632113e-03
1.2100000000e+02 4.0752170684e-01 6.7263877553e-03
1.2200000000e+02 4.0406080897e-01 7.0110183797e-03
1.2300000000e+02 4.0266438289e-01 7.0917866701e-03
1.2400000000e+02 4.0304577635e-01 6.8695374111e-03
1.2500000000e+02 4.0340416749e-01 6.5423748484e-03
1.2600000000e+02 4.0498512334e-01 6.4927563289e-03
1.2700000000e+02 4.0535120309e-01 6.6296640311e-03
1.2800000000e+02 4.0249564760e-01 6.6957448555e-03
1.2900000000e+02 3.9935146835e-01 6.5683479954e-03
1.3000000000e+02 3.9537477170e-01 6.5170135367e-03
1.3100000000e+02 3.9376145933e-01 6.8503368237e-03
1.3200000000e+02 3.9376553545e-01 7.3458971748e-03
1.3300000000e+02 3.9362804210e-01 7.5635069745e-03
1.3400000000e+02 3.9032124724e-01 7.2300231174e-03
1.3500000000e+02 3.8475090143e-01 6.7677051666e-03
1.3600000000e+02 3.8013625261e-01 6.5314987505e-03
1.3700000000e+02 3.7853802479e-01 6.5234719663e-03
1.3800000000e+02 3.7960851763e-01 6.5854553807e-03
1.3900000000e+02 3.7878986795e-01 6.6428916657e-03
1.4000000000e+02 3.7713403944e-01 6.6147457426e-03
1.4100000000e+02 3.7573789703e-01 6.8103433066e-03
1.4200000000e+02 3.7611879849e-01 6.8875933343e-03
1.4300000000e+02 3.7766570866e-01 6.8291923398e-03
1.4400000000e+02 3.7870305959e-01 6.6448442435e-03
1.4500000000e+02 3.7735824096e-01 6.4362825058e-03
1.4600000000e+02 3.7398923105e-01 6.3876728902e-03
1.4700000000e+02 3.7131198433e-01 6.3403532904e-03
1.4800000000e+02 3.7081717083e-01 6.3579960761e-03
1.4900000000e+02 3.7297069888e-01 6.3842369801e-03
1.5000000000e+02 3.7579563737e-01 6.4521043070e-03
1.5100000000e+02 3.7773142520e-01 6.6251252435e-03
1.5200000000e+02 3.7694843645e-01 6.6802247698e-03
1.5300000000e+02 3.7408576516e-01 6.6465218010e-03
1.5400000000e+02 3.6991251649e-01 6.3528615478e-03
1.5500000000e+02 3.6393460685e-01 6.0133330059e-03
1.5600000000e+02 3.5932017919e-01 5.7133028757e-03
1.5700000000e+02 3.5615969320e-01 5.4745367250e-03
1.5800000000e+02 3.5644384313e-01 5.6010501802e-03
1.5900000000e+02 3.5780355866e-01 5.8808979333e-03
1.6000000000e+02 3.5795627292e-01 6.2471375152e-03
1.6100000000e+02 3.5811364225e-01 6.3384079943e-03
1.6200000000e+02 3.5716170911e-01 6.3814172315e-03
1.6300000000e+02 3.5585038419e-01 6.2331185046e-03
1.6400000000e+02 3.5500163631e-01 6.1215562238e-03
1.6500000000e+02 3.5552589431e-01 5.9148803892e-03
1.6600000000e+02 3.5650170800e-01 5.6807225617e-03
1.6700000000e+02 3.5491978202e-01 5.6452862627e-03
1.6800000000e+02 3.5141983903e-01 5.6874873204e-03
1.6900000000e+02 3.4912464758e-01 5.7479483726e-03
1.7000000000e+02 3.4811984779e-01 5.6170600584e-03
1.7100000000e+02 3.4772537960e-01 5.6383594721e-03
1.7200000000e+02 3.4779792172e-01 5.7728256464e-03
1.7300000000e+02 3.4609238695e-01 5.9132002234e-03
1.7400000000e+02 3.4399006008e-01 6.2304238427e-03
1.7500000000e+02 3.4366780936e-01 6.5445181625e-03
1.7600000000e+02 3.4560995634e-01 6.8232697327e-03
1.7700000000e+02 3.4825807088e-01 6.6529897261e-03
1.7800000000e+02 3.4987005435e-01 6.2754976221e-03
1.7900000000e+02 3.5040534986e-01 6.0654284806e-03
1.8000000000e+02 3.4757824719e-01 6.1921477454e-03
1.8100000000e+02 3.4295700368e-01 6.3345845454e-03
1.8200000000e+02 3.3816859846e-01 6.4913843480e-03
1.8300000000e+02 3.3547600100e-01 6.5906403122e-03
1.8400000000e+02 3.3556374843e-01 6.5871634359e-03
1.8500000000e+02 3.3533605376e-01 6.4676070686e-03
1.8600000000e+02 3.3389095742e-01 6.4079507530e-03
1.8700000000e+02 3.3271776504e-01 6.5056924228e-03
1.8800000000e+02 3.3305762751e-01 6.5677409346e-03
1.8900000000e+02 3.3244798486e-01 6.4782350652e-03
1.9000000000e+02 3.3233582203e-01 6.4577174307e-03
1.9100000000e+02 3.3105174764e-01 6.4896890730e-03
1.9200000000e+02 3.3023354378e-01 6.5251227919e-03
1.9300000000e+02 3.2927994458e-01 6.5943413636e-03
1.9400000000e+02 3.2882870428e-01 6.7559580011e-03
1.9500000000e+02 3.2819805575e-01 6.7415840503e-03
1.9600000000e+02 3.2626747264e-01 6.5513543378e-03
1.9700000000e+02 3.2317489840e-01 6.3454665256e-03
1.9800000000e+02 3.1971670345e-01 6.2452640513e-03
1.9900000000e+02 3.1677957227e-01 6.1117321845e-03
2.0000000000e+02 3.1478855005e-01 6.2023508233e-03
2.0100000000e+02 3.1519049909e-01 6.3154998979e-03
2.0200000000e+02 3.1599132185e-01 6.3331939465e-03
2.0300000000e+02 3.1835963479e-01 6.2053128911e-03
2.0400000000e+02 3.2067322232e-01 5.9323508251e-03
2.0500000000e+02 3.2184600038e-01 5.7766485140e-03
2.0600000000e+02 3.2103948858e-01 5.9079033032e-03
2.0700000000e+02 3.1736251883e-01 6.0633398260e-03
2.0800000000e+02 3.1398248713e-01 6.0319651204e-03
2.0900000000e+02 3.1064344579e-01 5.7888589377e-03
2.1000000000e+02 3.0909723105e-01 5.7282435445e-03
2.1100000000e+02 3.0925744735e-01 5.8112060625e-03
2.1200000000e+02 3.1029101825e-01 5.8824962607e-03
2.1300000000e+02 3.1122917240e-01 6.1592466590e-03
2.1400000000e+02 3.1027792847e-01 6.1328727728e-03
2.1500000000e+02 3.0962109688e-01 5.9993621908e-03
2.1600000000e+02 3.0966865036e-01 5.8357079487e-03
2.1700000000e+02 3.0959629844e-01 6.0231998264e-03
2.1800000000e+02 3.0953174828e-01 6.3047283289e-03
2.1900000000e+02 3.0966587143e-01 6.4032681220e-03
2.2000000000e+02 3.1058052830e-01 6.3370819635e-03
2.2100000000e+02 3.1015666762e-01 6.2205950836e-03
2.2200000000e+02 3.0822698739e-01 6.1125593228e-03
2.2300000000e+02 3.0563273165e-01 6.1171241414e-03
2.2400000000e+02 3.0035291366e-01 6.2739815991e-03
2.2500000000e+02 2.9577346820e-01 6.5587575976e-03
2.2600000000e+02 2.9247759574e-01 6.7663578824e-03
2.2700000000e+02 2.9032788561e-01 6.6879961561e-03
2.2800000000e+02 2.8968306487e-01 6.4080056023e-03
2.2900000000e+02 2.9090272573e-01 6.1902165646e-03
2.3000000000e+02 2.9187387347e-01 6.2089061897e-03
2.3100000000e+02 2.9192588887e-01 6.2304902475e-03
2.3200000000e+02 2.9134008201e-01 6.3569389255e-03
2.3300000000e+02 2.8913249894e-01 6.5159078830e-03
2.3400000000e+02 2.8714271540e-01 6.5094559332e-03
2.3500000000e+02 2.8509334555e-01 6.3195473893e-03
2.3600000000e+02 2.8282857822e-01 5.9440601718e-03
2.3700000000e+02 2.8141090710e-01 5.3855834824e-03
2.3800000000e+02 2.8098726411e-01 4.9355479537e-03
2.3900000000e+02 2.8206361286e-01 4.8897592719e-03
2.4000000000e+02 2.8542962887e-01 5.2382691101e-03
2.4100000000e+02 2.8810575948e-01 5.6861869162e-03
2.4200000000e+02 2.8906888253e-01 5.9994133004e-03
2.4300000000e+02 2.8822461791e-01 6.1510175905e-03
2.4400000000e+02 2.8666614058e-01 6.1948622870e-03
2.4500000000e+02 2.8590170861e-01 6.0906223791e-03
2.4600000000e+02 2.8637100591e-01 6.0115741070e-03
2.4700000000e+02 2.8783029229e-01 5.9491762898e-03
2.4800000000e+02 2.8718771364e-01 5.7397252728e-03
2.4900000000e+02 2.8252542254e-01 5.7373399433e-03
2.5000000000e+02 2.7661418222e-01 5.7423973781e-03
2.5100000000e+02 2.7175586700e-01 5.7003976911e-03
2.5200000000e+02 2.6980036876e-01 5.7937158196e-03
2.5300000000e+02 2.7071670572e-01 6.0676732077e-03
2.5400000000e+02 2.7323957818e-01 6.1768738095e-03
2.5500000000e+02 2.7517234522e-01 6.1112303256e-03
2.5600000000e+02 2.7555161710e-01 5.9193357178e-03
2.5700000000e+02 2.7382708518e-01 5.8169469969e-03
2.5800000000e+02 2.7104193822e-01 5.8539099677e-03
2.5900000000e+02 2.6899709144e-01 6.0797193510e-03
2.6000000000e+02 2.6778406334e-01 6.2794617804e-03
2.6100000000e+02 2.6700183159e-01 6.2238318528e-03
2.6200000000e+02 2.6548722659e-01 6.0737986109e-03
2.6300000000e+02 2.6359936491e-01 6.0801394072e-03
2.6400000000e+02 2.6270957619e-01 6.2516935929e-03
2.6500000000e+02 2.6223780232e-01 6.5279789467e-03
2.6600000000e+02 2.6250794089e-01 6.7994728964e-03
2.6700000000e+02 2.6389828603e-01 6.6385864511e-03
2.6800000000e+02 2.6558777917e-01 6.0390590358e-03
2.6900000000e+02 2.6823268949e-01 5.5387776715e-03
2.7000000000e+02 2.7007128401e-01 5.4436956681e-03
2.7100000000e+02 2.7027396699e-01 5.4436327860e-03
2.7200000000e+02 2.6831048777e-01 5.2947056834e-03
2.7300000000e+02 2.6535284558e-01 5.1794228389e-03
2.7400000000e+02 2.6404054992e-01 5.2003461412e-03
2.7500000000e+02 2.6426294943e-01 5.3884410482e-03
2.7600000000e+02 2.6400118875e-01 5.5290301983e-03
2.7700000000e+02 2.6195722426e-01 5.7190852401e-03
2.7800000000e+02 2.5859466362e-01 5.7705297707e-03
2.7900000000e+02 2.5733060511e-01 5.5972688694e-03
2.8000000000e+02 2.5649810017e-01 5.5141535533e-03
2.8100000000e+02 2.5594995484e-01 5.6502629019e-03
2.8200000000e+02 2.5528323779e-01 6.0064060162e-03
2.8300000000e+02 2.5341161706e-01 6.4205187676e-03
2.8400000000e+02 2.5111591562e-01 6.6369691733e-03
2.8500000000e+02 2.4833845034e-01 6.4103965571e-03
2.8600000000e+02 2.4704228794e-01 6.0642635493e-03
2.8700000000e+02 2.4799154069e-01 5.8039611728e-03
2.8800000000e+02 2.5074986699e-01 5.9657983943e-03
2.8900000000e+02 2.5267897027e-01 6.2265347016e-03
2.9000000000e+02 2.5190410050e-01 6.4082178038e-03
2.9100000000e+02 2.5036951504e-01 6.3538316001e-03
2.9200000000e+02 2.4775030389e-01 6.2222060491e-03
2.9300000000e+02 2.4620703498e-01 6.0076020201e-03
2.9400000000e+02 2.4607946479e-01 5.9575582145e-03
2.9500000000e+02 2.4589725166e-01 6.0996114145e-03
2.9600000000e+02 2.4475742600e-01 6.2666700727e-03
2.9700000000e+02 2.4297020762e-01 6.2402298584e-03
2.9800000000e+02 2.4237721864e-01 6.0044824059e-03
2.9900000000e+02 2.4248096849e-01 5.8115233052e-03
3.0000000000e+02 2.4340230968e-01 5.6643971991e-03
3.0100000000e+02 2.4444632461e-01 5.4644777657e-03
3.0200000000e+02 2.4453274794e-01 5.4097239101e-03
3.0300000000e+02 2.4240497552e-01 5.4952973583e-03
3.0400000000e+02 2.3929783648e-01 5.5353516339e-03
3.0500000000e+02 2.3774270677e-01 5.4923069070e-03
3.0600000000e+02 2.3714679399e-01 5.3742182837e-03
3.0700000000e+02 2.3756007359e-01 5.3447407943e-03
3.0800000000e+02 2.3764835432e-01 5.2868461549e-03
3.0900000000e+02 2.3688754737e-01 5.3633397546e-03
3.1000000000e+02 2.3557440843e-01 5.4943851417e-03
3.1100000000e+02 2.3606119123e-01 5.6831698650e-03
3.1200000000e+02 2.3750634045e-01 5.9049885391e-03
3.1300000000e+02 2.3938833461e-01 6.1719823357e-03
3.1400000000e+02 2.4069080426e-01 6.2173233089e-03
3.1500000000e+02 2.3957129857e-01 6.0196397677e-03
3.1600000000e+02 2.3667258612e-01 5.8409185229e-03
3.1700000000e+02 2.3424145293e-01 5.9105252149e-03
3.1800000000e+02 2.3174705519e-01 6.0743718892e-03
3.1900000000e+02 2.3110999017e-01 6.0469501226e-03
3.2000000000e+02 2.3230016417e-01 5.8419692434e-03
3.2100000000e+02 2.3274638875e-01 5.8552460270e-03
3.2200000000e+02 2.3185926760e-01 5.9259941694e-03
3.2300000000e+02 2.2980856315e-01 5.8777844820e-03
3.2400000000e+02 2.2806879856e-01 5.8313124281e-03
3.2500000000e+02 2.2872784231e-01 5.9050698902e-03
3.2600000000e+02 2.2969676506e-01 5.9765617214e-03
3.2700000000e+02 2.3020310098e-01 5.8380533149e-03
3.2800000000e+02 2.2884223184e-01 5.6379436815e-03
3.2900000000e+02 2.2682696603e-01 5.6125587314e-03
3.3000000000e+02 2.2504454989e-01 5.6752740356e-03
3.3100000000e+02 2.2390150273e-01 5.6802427235e-03
3.3200000000e+02 2.2263086382e-01 5.7837104396e-03
3.3300000000e+02 2.2227623442e-01 6.0250959952e-03
3.3400000000e+02 2.2164543335e-01 6.0152174259e-03
3.3500000000e+02 2.2204154652e-01 5.9240468110e-03
3.3600000000e+02 2.2211609301e-01 5.8760214352e-03
3.3700000000e+02 2.2107066061e-01 5.9391863405e-03
3.3800000000e+02 2.1973722422e-01 5.8277835685e-03
3.3900000000e+02 2.1937196918e-01 5.6661421899e-03
3.4000000000e+02 2.1880489457e-01 5.4866009316e-03
3.4100000000e+02 2.1743018799e-01 5.3801378867e-03
3.4200000000e+02 2.1588404583e-01 5.4495376969e-03
3.4300000000e+02 2.1421607009e-01 5.5891693954e-03
3.4400000000e+02 2.1267205231e-01 5.6355699918e-03
3.4500000000e+02 2.1239191912e-01 5.8764905126e-03
3.4600000000e+02 2.1236584796e-01 6.1437877967e-03
3.4700000000e+02 2.1203200415e-01 6.0996296617e-03
3.4800000000e+02 2.1231318446e-01 5.8242682570e-03
3.4900000000e+02 2.1248256455e-01 5.6097802330e-03
3.5000000000e+02 2.1286974550e-01 5.3099876951e-03
3.5100000000e+02 2.1416610159e-01 5.1591340198e-03
3.5200000000e+02 2.1410302477e-01 5.1167615831e-03
3.5300000000e+02 2.1313878057e-01 5.3142290229e-03
3.5400000000e+02 2.1265507801e-01 5.4269052070e-03
3.5500000000e+02 2.1215615540e-01 5.3480385993e-03
3.5600000000e+02 2.1210371600e-01 5.3348012951e-03
3.5700000000e+02 2.1258321420e-01 5.4376765943e-03
3.5800000000e+02 2.1335171544e-01 5.5737076083e-03
3.5900000000e+02 2.1269770291e-01 5.7673293546e-03
3.6000000000e+02 2.1165824566e-01 5.9368202064e-03
3.6100000000e+02 2.0899928866e-01 5.9084393164e-03
3.6200000000e+02 2.0676068316e-01 5.7182152542e-03
3.6300000000e+02 2.0520468823e-01 5.6831113290e-03
3.6400000000e+02 2.0396646267e-01 5.6967832246e-03
3.6500000000e+02 2.0234345082e-01 5.5474968420e-03
3.6600000000e+02 2.0103434411e-01 5.4284236567e-03
3.6700000000e+02 2.0029239104e-01 5.4213014343e-03
3.6800000000e+02 2.0022466783e-01 5.5777354573e-03
3.6900000000e+02 1.9992076606e-01 5.6966090837e-03
3.7000000000e+02 2.0041913665e-01 5.6650653767e-03
3.7100000000e+02 2.0030756121e-01 5.6479732287e-03
3.7200000000e+02 2.0104659128e-01 5.7494969860e-03
3.7300000000e+02 2.0119795118e-01 5.8368418612e-03
3.7400000000e+02 2.0013086349e-01 5.9882959466e-03
3.7500000000e+02 1.9874042372e-01 6.2988968125e-03
3.7600000000e+02 1.9669885966e-01 6.1683744248e-03
3.7700000000e+02 1.9513341224e-01 6.0079706086e-03
3.7800000000e+02 1.9506630231e-01 5.8807968789e-03
3.7900000000e+02 1.9688818694e-01 5.7154745425e-03
3.8000000000e+02 1.9787323042e-01 5.5543393330e-03
3.8100000000e+02 1.9789199985e-01 5.4585929583e-03
3.8200000000e+02 1.9646861329e-01 5.3783614131e-03
3.8300000000e+02 1.9299835896e-01 5.2962253460e-03
3.8400000000e+02 1.8849809002e-01 5.3061445200e-03
3.8500000000e+02 1.8494797942e-01 5.4104020731e-03
3.8600000000e+02 1.8366100551e-01 5.5047996138e-03
3.8700000000e+02 1.8522491122e-01 5.5042828917e-03
3.8800000000e+02 1.8838464839e-01 5.6113193634e-03
3.8900000000e+02 1.9135053246e-01 5.7988858741e-03
3.9000000000e+02 1.9234008117e-01 6.0035124685e-03
3.9100000000e+02 1.9247977663e-01 5.9553965303e-03
3.9200000000e+02 1.9060300152e-01 5.6321065585e-03
3.9300000000e+02 1.8907809855e-01 5.4124506878e-03
3.9400000000e+02 1.8789894252e-01 5.2491367744e-03
3.9500000000e+02 1.8750772238e-01 5.1660988247e-03
3.9600000000e+02 1.8791520140e-01 5.2868427614e-03
3.9700000000e+02 1.8794206966e-01 5.6365932420e-03
3.9800000000e+02 1.8729982086e-01 5.9848992674e-03
3.9900000000e+02 1.8640771848e-01 6.1285161799e-03
4.0000000000e+02 1.8584208110e-01 6.2424982315e-03
4.0100000000e+02 1.8616641626e-01 6.3084739885e-03
4.0200000000e+02 1.8791253173e-01 6.0801519311e-03
4.0300000000e+02 1.8840974439e-01 5.7871922279e-03
4.0400000000e+02 1.8810075063e-01 5.6113941859e-03
4.0500000000e+02 1.8580389957e-01 5.5441801950e-03
4.0600000000e+02 1.8269746508e-01 5.6500914822e-03
4.0700000000e+02 1.8130448265e-01 5.5640877644e-03
4.0800000000e+02 1.8146503087e-01 5.6031914311e-03
4.0900000000e+02 1.8022627500e-01 5.7997840519e-03
4.1000000000e+02 1.7875304887e-01 5.8520931563e-03
4.1100000000e+02 1.7781181001e-01 5.7706749782e-03
4.1200000000e+02 1.7753125738e-01 5.7925353021e-03
4.1300000000e+02 1.7785291014e-01 5.8857291483e-03
4.1400000000e+02 1.7783913317e-01 5.9552186103e-03
4.1500000000e+02 1.7747630989e-01 5.8016512255e-03
4.1600000000e+02 1.7533439467e-01 5.7353558327e-03
4.1700000000e+02 1.7332977202e-01 5.6244486713e-03
4.1800000000e+02 1.7175152981e-01 5.5328710353e-03
4.1900000000e+02 1.7142944689e-01 5.3986178423e-03
4.2000000000e+02 1.7172729146e-01 5.3278380047e-03
4.2100000000e+02 1.7104487855e-01 5.3113277753e-03
4.2200000000e+02 1.7015974528e-01 5.4251031887e-03
4.2300000000e+02 1.6918344708e-01 5.7058027697e-03
4.2400000000e+02 1.6937233668e-01 5.8820277968e-03
4.2500000000e+02 1.7003869133e-01 6.0095330767e-03
4.2600000000e+02 1.7131298352e-01 5.9402688514e-03
4.2700000000e+02 1.7130794523e-01 5.9388804518e-03
4.2800000000e+02 1.7075794969e-01 6.0135401141e-03
4.2900000000e+02 1.6965546374e-01 5.9635780223e-03
4.3000000000e+02 1.6945255485e-01 5.9088606973e-03
4.3100000000e+02 1.6711709583e-01 6.0579257376e-03
4.3200000000e+02 1.6446486022e-01 6.1248263588e-03
4.3300000000e+02 1.6260892408e-01 5.9791042048e-03
4.3400000000e+02 1.6205085748e-01 5.9379167064e-03
4.3500000000e+02 1.6294645789e-01 6.0556427014e-03
4.3600000000e+02 1.6625257850e-01 5.9485551081e-03
4.3700000000e+02 1.6915743986e-01 5.8860756443e-03
4.3800000000e+02 1.6968365985e-01 5.9589696739e-03
4.3900000000e+02 1.6882228077e-01 5.9141148115e-03
4.4000000000e+02 1.6695072766e-01 5.8416264983e-03
4.4100000000e+02 1.6477635977e-01 5.7717651584e-03
4.4200000000e+02 1.6328338007e-01 5.7814544094e-03
4.4300000000e+02 1.6059195481e-01 5.7816177713e-03
4.4400000000e+02 1.5830648331e-01 5.6855574012e-03
4.4500000000e+02 1.5671489316e-01 5.4976130944e-03
4.4600000000e+02 1.5653193119e-01 5.1572849480e-03
4.4700000000e+02 1.5780737260e-01 4.9801634710e-03
4.4800000000e+02 1.5990977885e-01 4.9919230296e-03
4.4900000000e+02 1.6147714901e-01 5.1895309156e-03
4.5000000000e+02 1.6221837431e-01 5.4017158933e-03
4.5100000000e+02 1.6112927920e-01 5.6042114414e-03
4.5200000000e+02 1.5876565799e-01 5.6358766144e-03
4.5300000000e+02 1.5729826883e-01 5.3439987538e-03
4.5400000000e+02 1.5800786813e-01 5.0049313909e-03
4.5500000000e+02 1.5977969679e-01 4.8202426915e-03
4.5600000000e+02 1.6094549653e-01 5.0366634172e-03
4.5700000000e+02 1.5985084005e-01 5.2137558696e-03
4.5800000000e+02 1.5694739045e-01 5.2126781337e-03
4.5900000000e+02 1.5431871680e-01 5.1550170140e-03
4.6000000000e+02 1.5320283804e-01 5.3182179260e-03
4.6100000000e+02 1.5370652725e-01 5.6677298217e-03
4.6200000000e+02 1.5494837311e-01 5.8900799317e-03
4.6300000000e+02 1.5540489091e-01 5.8184319865e-03
4.6400000000e+02 1.5450530503e-01 5.7425032353e-03
4.6500000000e+02 1.5266777789e-01 5.8399433548e-03
4.6600000000e+02 1.5036190560e-01 6.1327797673e-03
4.6700000000e+02 1.4881918333e-01 6.1534306348e-03
4.6800000000e+02 1.4852091695e-01 5.9428806231e-03
4.6900000000e+02 1.4751685049e-01 5.7466149055e-03
4.7000000000e+02 1.4651611111e-01 5.5748877181e-03
4.7100000000e+02 1.4627132235e-01 5.3215406488e-03
4.7200000000e+02 1.4616314447e-01 5.1895814289e-03
4.7300000000e+02 1.4658851614e-01 5.2308241743e-03
4.7400000000e+02 1.4833734426e-01 5.4899329052e-03
4.7500000000e+02 1.5057847852e-01 5.5427478034e-03
4.7600000000e+02 1.5176621045e-01 5.4736691885e-03
4.7700000000e+02 1.5138784141e-01 5.3207549092e-03
4.7800000000e+02 1.4942842336e-01 5.1821759187e-03
4.7900000000e+02 1.4728240726e-01 5.2449143297e-03
4.8000000000e+02 1.4589385359e-01 5.2835083911e-03
4.8100000000e+02 1.4508268508e-01 5.4039324392e-03
4.8200000000e+02 1.4472422318e-01 5.5675986569e-03
4.8300000000e+02 1.4406670728e-01 5.6113314660e-03
4.8400000000e+02 1.4460341533e-01 5.3914756243e-03
4.8500000000e+02 1.4559002975e-01 5.2374512247e-03
4.8600000000e+02 1.4572236764e-01 5.2189986984e-03
4.8700000000e+02 1.4584118038e-01 5.1213322432e-03
4.8800000000e+02 1.4462634174e-01 5.0948015361e-03
4.8900000000e+02 1.4345445130e-01 5.2101759394e-03
4.9000000000e+02 1.4193664022e-01 5.3169140361e-03
4.9100000000e+02 1.4002212828e-01 5.5741915443e-03
4.9200000000e+02 1.3831575345e-01 5.7725100987e-03
4.9300000000e+02 1.3682675959e-01 5.7419249736e-03
4.9400000000e+02 1.3661975274e-01 5.2421980975e-03
4.9500000000e+02 1.3696081548e-01 4.8259800993e-03
4.9600000000e+02 1.3927769350e-01 4.5550732889e-03
4.9700000000e+02 1.4174146501e-01 4.6014864895e-03
4.9800000000e+02 1.4503504626e-01 4.6817559568e-03
4.9900000000e+02 1.4743839324e-01 5.0316504463e-03
5.0000000000e+02 1.4734810973e-01 5.5330807898e-03
5.0100000000e+02 1.4489188917e-01 5.6492881693e-03
5.0200000000e+02 1.4199959937e-01 5.5968143333e-03
5.0300000000e+02 1.4029256393e-01 5.4532290287e-03
5.0400000000e+02 1.3970839104e-01 5.4798593758e-03
5.0500000000e+02 1.3956040836e-01 5.5724289618e-03
5.0600000000e+02 1.3903120006e-01 5.5004120379e-03
5.0700000000e+02 1.3803484833e-01 5.4176454946e-03
5.0800000000e+02 1.3613116511e-01 5.2672175422e-03
5.0900000000e+02 1.3505983562e-01 5.1253958575e-03
5.1000000000e+02 1.3367091820e-01 5.1727929845e-03
5.1100000000e+02 1.3214046971e-01 5.3601900029e-03
5.1200000000e+02 1.3175823637e-01 5.5742252924e-03
5.1300000000e+02 1.3266005186e-01 5.5388734932e-03
5.1400000000e+02 1.3260018376e-01 5.5513394147e-03
5.1500000000e+02 1.3182684934e-01 5.5219119756e-03
5.1600000000e+02 1.3189220201e-01 5.3969400488e-03
5.1700000000e+02 1.3248907392e-01 5.1298799497e-03
5.1800000000e+02 1.3392059636e-01 5.0429794083e-03
5.1900000000e+02 1.3507381994e-01 5.0449804396e-03
5.2000000000e+02 1.3401356239e-01 5.1967770871e-03
5.2100000000e+02 1.3214339067e-01 5.3465320563e-03
5.2200000000e+02 1.2879070117e-01 5.4156916842e-03
5.2300000000e+02 1.2642397495e-01 5.4633835533e-03
5.2400000000e+02 1.2480991315e-01 5.2632159944e-03
5.2500000000e+02 1.2332094047e-01 5.0667037578e-03
5.2600000000e+02 1.2270458470e-01 4.9882197954e-03
5.2700000000e+02 1.2248384761e-01 5.0897736284e-03
5.2800000000e+02 1.2307191191e-01 5.2729957350e-03
5.2900000000e+02 1.2445996950e-01 5.3862261960e-03
5.3000000000e+02 1.2526059761e-01 5.5627792543e-03
5.3100000000e+02 1.2570393548e-01 5.6585026680e-03
5.3200000000e+02 1.2570002382e-01 5.6289226902e-03
5.3300000000e+02 1.2482580156e-01 5.4785329066e-03
5.3400000000e+02 1.2476682990e-01 5.3967463995e-03
5.3500000000e+02 1.2579663147e-01 5.1808379414e-03
5.3600000000e+02 1.2610253280e-01 5.0109292774e-03
5.3700000000e+02 1.2544568431e-01 4.8146906719e-03
5.3800000000e+02 1.2490173584e-01 4.6972870838e-03
5.3900000000e+02 1.2545932368e-01 4.6502417336e-03
5.4000000000e+02 1.2722758416e-01 4.6572380546e-03
5.4100000000e+02 1.2684062617e-01 4.8880660642e-03
5.4200000000e+02 1.2507855241e-01 5.1643208193e-03
5.4300000000e+02 1.2288679666e-01 5.1967483434e-03
5.4400000000e+02 1.2245498877e-01 5.0532967786e-03
5.4500000000e+02 1.2412293585e-01 5.1465222977e-03
5.4600000000e+02 1.2593835821e-01 5.3249160791e-03
5.4700000000e+02 1.2461918863e-01 5.5451260906e-03
5.4800000000e+02 1.2016691122e-01 5.5745606578e-03
5.4900000000e+02 1.1393423739e-01 5.4477634049e-03
5.5000000000e+02 1.0948049571e-01 5.3453794189e-03
5.5100000000e+02 1.0791199409e-01 5.2654960529e-03
5.5200000000e+02 1.1071552914e-01 5.1099781101e-03
5.5300000000e+02 1.1563436864e-01 4.8768754719e-03
5.5400000000e+02 1.1991277052e-01 4.6062535756e-03
5.5500000000e+02 1.2102766112e-01 4.4958114798e-03
5.5600000000e+02 1.1772962195e-01 4.5872252054e-03
5.5700000000e+02 1.1464125787e-01 4.7419452862e-03
5.5800000000e+02 1.1465191206e-01 4.6713121794e-03
5.5900000000e+02 1.1619878284e-01 4.5961028313e-03
5.6000000000e+02 1.1807030611e-01 4.6369131412e-03
5.6100000000e+02 1.1962745336e-01 4.7029918222e-03
5.6200000000e+02 1.1937114905e-01 4.8496892986e-03
5.6300000000e+02 1.1749986646e-01 4.9683501205e-03
5.6400000000e+02 1.1545771938e-01 4.9772238507e-03
5.6500000000e+02 1.1329970555e-01 5.0374293240e-03
5.6600000000e+02 1.1165486372e-01 5.0932533641e-03
5.6700000000e+02 1.1238333451e-01 4.9581588758e-03
5.6800000000e+02 1.1357693412e-01 4.8687452061e-03
5.6900000000e+02 1.1518524772e-01 4.7083612016e-03
5.7000000000e+02 1.1587272081e-01 4.5041672896e-03
5.7100000000e+02 1.1617976027e-01 4.3059863269e-03
5.7200000000e+02 1.1688133692e-01 4.1455383673e-03
5.7300000000e+02 1.1650761102e-01 4.2239176771e-03
5.7400000000e+02 1.1526303650e-01 4.5520736193e-03
5.7500000000e+02 1.1351337499e-01 4.8094133271e-03
5.7600000000e+02 1.1239003853e-01 4.9577366529e-03
5.7700000000e+02 1.1083428167e-01 4.9565563903e-03
5.7800000000e+02 1.0998271720e-01 4.7481420837e-03
5.7900000000e+02 1.0810093409e-01 4.6573354746e-03
5.8000000000e+02 1.0682792013e-01 4.5884637988e-03
5.8100000000e+02 1.0639507347e-01 4.6638089933e-03
5.8200000000e+02 1.0620604730e-01 4.5710529806e-03
5.8300000000e+02 1.0588078125e-01 4.3363083778e-03
5.8400000000e+02 1.0482964888e-01 4.2450726584e-03
5.8500000000e+02 1.0542454224e-01 4.2994204111e-03
5.8600000000e+02 1.0792996387e-01 4.3214122695e-03
5.8700000000e+02 1.1085282367e-01 4.3085562527e-03
5.8800000000e+02 1.1118625059e-01 4.5563917906e-03
5.8900000000e+02 1.0870305534e-01 4.7672633604e-03
5.9000000000e+02 1.0689142968e-01 4.8548452253e-03
5.9100000000e+02 1.0532568424e-01 4.8266610372e-03
5.9200000000e+02 1.0490147860e-01 4.7845819052e-03
5.9300000000e+02 1.0510456812e-01 4.6988650561e-03
5.9400000000e+02 1.0684140050e-01 4.4416214738e-03
5.9500000000e+02 1.0912736153e-01 4.4384249044e-03
5.9600000000e+02 1.1156040749e-01 4.6102704378e-03
5.9700000000e+02 1.1310073306e-01 4.6435666140e-03
5.9800000000e+02 1.1288750573e-01 4.5939146373e-03
5.9900000000e+02 1.1072843322e-01 4.6057098114e-03
6.0000000000e+02 1.0861188547e-01 4.6544328251e-03
6.0100000000e+02 1.0680860872e-01 4.6790763608e-03
6.0200000000e+02 1.0616211168e-01 4.6095475669e-03
6.0300000000e+02 1.0670185381e-01 4.4753202685e-03
6.0400000000e+02 1.0634840480e-01 4.2091674026e-03
6.0500000000e+02 1.0538006509e-01 4.1976543525e-03
6.0600000000e+02 1.0486177219e-01 4.4773178551e-03
6.0700000000e+02 1.0391642247e-01 4.9099535385e-03
6.0800000000e+02 1.0317074724e-01 5.0411499464e-03
6.0900000000e+02 1.0322189492e-01 4.9006916490e-03
6.1000000000e+02 1.0332441020e-01 4.7641426259e-03
6.1100000000e+02 1.0375308525e-01 4.7453657327e-03
6.1200000000e+02 1.0441936426e-01 4.6630321714e-03
6.1300000000e+02 1.0507891825e-01 4.4320977432e-03
6.1400000000e+02 1.0486950384e-01 4.3624110701e-03
6.1500000000e+02 1.0318264447e-01 4.4197592607e-03
6.1600000000e+02 1.0059875926e-01 4.3488896858e-03
6.1700000000e+02 9.8957523679e-02 4.1478893260e-03
6.1800000000e+02 9.8123459365e-02 3.9475392634e-03
6.1900000000e+02 9.7247073451e-02 3.9937267200e-03
6.2000000000e+02 9.7622067931e-02 4.2250663370e-03
6.2100000000e+02 9.9526184955e-02 4.5468898155e-03
6.2200000000e+02 1.0200422325e-01 4.7548105016e-03
6.2300000000e+02 1.0239480032e-01 4.6932549335e-03
6.2400000000e+02 1.0087919140e-01 4.5237505760e-03
6.2500000000e+02 9.9085481004e-02 4.2692173182e-03
6.2600000000e+02 9.8609997662e-02 4.1014610704e-03
6.2700000000e+02 1.0044650911e-01 4.1301561594e-03
6.2800000000e+02 1.0293683427e-01 4.2507311850e-03
6.2900000000e+02 1.0451852262e-01 4.3538109023e-03
6.3000000000e+02 1.0508207674e-01 4.3108228406e-03
6.3100000000e+02 1.0349947087e-01 4.3052228670e-03
6.3200000000e+02 1.0220344007e-01 4.3371607871e-03
6.3300000000e+02 1.0088813147e-01 4.2618625880e-03
6.3400000000e+02 1.0161270847e-01 4.1071882566e-03
6.3500000000e+02 1.0179305749e-01 4.3097888100e-03
6.3600000000e+02 1.0129219627e-01 4.6130639079e-03
6.3700000000e+02 9.9674071518e-02 4.5301219490e-03
6.3800000000e+02 9.8333648801e-02 4.2066317431e-03
6.3900000000e+02 9.7271876760e-02 4.0242226225e-03
6.4000000000e+02 9.7953119078e-02 3.9907000531e-03
6.4100000000e+02 9.8674738665e-02 4.0462445991e-03
6.4200000000e+02 1.0021658884e-01 4.2184610726e-03
6.4300000000e+02 1.0154883519e-01 4.4109505670e-03
6.4400000000e+02 1.0113082859e-01 4.4595248082e-03
6.4500000000e+02 9.8010448812e-02 4.4902983957e-03
6.4600000000e+02 9.4600161132e-02 4.5727412591e-03
6.4700000000e+02 9.4499568023e-02 4.7504763452e-03
6.4800000000e+02 9.5772112361e-02 4.9738593959e-03
6.4900000000e+02 9.6449578502e-02 4.9920595131e-03
6.5000000000e+02 9.6138856583e-02 4.6826172170e-03
6.5100000000e+02 9.4175731312e-02 4.3042469286e-03
6.5200000000e+02 9.2117226835e-02 3.9650215245e-03
6.5300000000e+02 9.1875973941e-02 3.8280275494e-03
6.5400000000e+02 9.2525140577e-02 3.7763071513e-03
6.5500000000e+02 9.3123670887e-02 3.8072393858e-03
6.5600000000e+02 9.3444048331e-02 3.8715052248e-03
6.5700000000e+02 9.4005195394e-02 3.9925906222e-03
6.5800000000e+02 9.4463533027e-02 4.1328553644e-03
6.5900000000e+02 9.2870748284e-02 4.4107166479e-03
6.6000000000e+02 9.1852987163e-02 4.5377232904e-03
6.6100000000e+02 9.2467185710e-02 4.4370458061e-03
6.6200000000e+02 9.4488989570e-02 4.3811278728e-03
6.6300000000e+02 9.4315603946e-02 4.2884268132e-03
6.6400000000e+02 9.3072707165e-02 4.2540224993e-03
6.6500000000e+02 9.2556926734e-02 4.2339169386e-03
6.6600000000e+02 9.3032073759e-02 4.1493147950e-03
6.6700000000e+02 9.3379748033e-02 4.1214878221e-03
6.6800000000e+02 9.3286636696e-02 4.0669208921e-03
6.6900000000e+02 9.2680561066e-02 4.1409304428e-03
6.7000000000e+02 9.1878016995e-02 4.3103016053e-03
6.7100000000e+02 9.0195097087e-02 4.3198721318e-03
6.7200000000e+02 8.8571236199e-02 4.3106440725e-03
6.7300000000e+02 8.8440435159e-02 4.3705503334e-03
6.7400000000e+02 8.9617661842e-02 4.1815167941e-03
6.7500000000e+02 8.9804101189e-02 3.9991332401e-03
6.7600000000e+02 8.7788123435e-02 4.1061459475e-03
6.7700000000e+02 8.6326552571e-02 4.1655720588e-03
6.7800000000e+02 8.7192790203e-02 4.2229878661e-03
6.7900000000e+02 8.8100900754e-02 4.3389050251e-03
6.8000000000e+02 8.8968459150e-02 4.4283308961e-03
6.8100000000e+02 8.9009371952e-02 4.3900951163e-03
6.8200000000e+02 8.7353091784e-02 4.3542202502e-03
6.8300000000e+02 8.5144564965e-02 4.2453483050e-03
6.8400000000e+02 8.2225439225e-02 4.1933868936e-03
6.8500000000e+02 8.0240397966e-02 4.2846953499e-03
6.8600000000e+02 8.1936220851e-02 4.2805157558e-03
6.8700000000e+02 8.5437789938e-02 4.2618074073e-03
6.8800000000e+02 8.8553531478e-02 4.3679250936e-03
6.8900000000e+02 8.9910607063e-02 4.4446284497e-03
6.9000000000e+02 9.0343593938e-02 4.4657280779e-03
6.9100000000e+02 9.0086358039e-02 4.5016415645e-03
6.9200000000e+02 8.9469374814e-02 4.6123057888e-03
6.9300000000e+02 8.9617295050e-02 4.3675321269e-03
6.9400000000e+02 8.7616744844e-02 4.2439230757e-03
6.9500000000e+02 8.4736776067e-02 4.2412416071e-03
6.9600000000e+02 8.2529742481e-02 4.4207796561e-03
6.9700000000e+02 8.3443601639e-02 4.4247262038e-03
6.9800000000e+02 8.5662330416e-02 4.2609177534e-03
6.9900000000e+02 8.7113234088e-02 4.1429609106e-03
7.0000000000e+02 8.5550872804e-02 4.2760072730e-03
7.0100000000e+02 8.1743010352e-02 4.5065730062e-03
7.0200000000e+02 8.0001009448e-02 4.4311737958e-03
7.0300000000e+02 8.0701895055e-02 4.2640270969e-03
7.0400000000e+02 8.3045752011e-02 4.1454707398e-03
7.0500000000e+02 8.4871091450e-02 4.1304582236e-03
7.0600000000e+02 8.5537916413e-02 4.0900530666e-03
7.0700000000e+02 8.4697099568e-02 3.9968105813e-03
7.0800000000e+02 8.3123868985e-02 3.9464814249e-03
7.0900000000e+02 8.0346025612e-02 4.1816459941e-03
7.1000000000e+02 7.8445203645e-02 4.3042701101e-03
7.1100000000e+02 7.8944875917e-02 4.1883259085e-03
7.1200000000e+02 8.0987524201e-02 4.0733456466e-03
7.1300000000e+02 8.2167309436e-02 3.8914321160e-03
7.1400000000e+02 8.2893637353e-02 3.6801429776e-03
7.1500000000e+02 8.2846168157e-02 3.5820797298e-03
7.1600000000e+02 8.2720147804e-02 3.8613825049e-03
7.1700000000e+02 8.3534579984e-02 4.0894401547e-03
7.1800000000e+02 8.4525987120e-02 4.2203060349e-03
7.1900000000e+02 8.5343155897e-02 4.2340147789e-03
7.2000000000e+02 8.5428424876e-02 4.1586879826e-03
7.2100000000e+02 8.4553975833e-02 4.2604288241e-03
7.2200000000e+02 8.4184789058e-02 4.2120028656e-03
7.2300000000e+02 8.3533985564e-02 3.9676266388e-03
7.2400000000e+02 8.2625378904e-02 3.6828116765e-03
7.2500000000e+02 8.1183009859e-02 3.7565739076e-03
7.2600000000e+02 7.9034407643e-02 3.9571898004e-03
7.2700000000e+02 7.7597853474e-02 4.0484834864e-03
7.2800000000e+02 7.7081616711e-02 3.7380230259e-03
7.2900000000e+02 7.7469312047e-02 3.5171899092e-03
7.3000000000e+02 7.9207233209e-02 3.6981326861e-03
7.3100000000e+02 8.1306626550e-02 4.2755383854e-03
7.3200000000e+02 8.2963621884e-02 4.5855877281e-03
7.3300000000e+02 8.2944300929e-02 4.6249169467e-03
7.3400000000e+02 8.1932327146e-02 4.3546940731e-03
7.3500000000e+02 8.0622938038e-02 3.9999966818e-03
7.3600000000e+02 7.9373626855e-02 3.8048290870e-03
7.3700000000e+02 7.7152790657e-02 3.7448717593e-03
7.3800000000e+02 7.4836378600e-02 3.8312061723e-03
7.3900000000e+02 7.4597417914e-02 4.0935997675e-03
7.4000000000e+02 7.5541558486e-02 4.2541083862e-03
7.4100000000e+02 7.6394576798e-02 4.3268421867e-03
7.4200000000e+02 7.6728416233e-02 4.3072349194e-03
7.4300000000e+02 7.6329977559e-02 4.1164182168e-03
7.4400000000e+02 7.4413570180e-02 3.8810623189e-03
7.4500000000e+02 7.2732581987e-02 3.5762097030e-03
7.4600000000e+02 7.1513673862e-02 3.5073572734e-03
7.4700000000e+02 7.2573569918e-02 3.6931471944e-03
7.4800000000e+02 7.6655690447e-02 4.0200444026e-03
7.4900000000e+02 7.9775024556e-02 4.3971810417e-03
7.5000000000e+02 8.2231715602e-02 4.6862612929e-03
7.5100000000e+02 8.2612925715e-02 4.7345418080e-03
7.5200000000e+02 8.0040890452e-02 4.6342276863e-03
7.5300000000e+02 7.7407845740e-02 4.4670374069e-03
7.5400000000e+02 7.4384531892e-02 4.2830045579e-03
7.5500000000e+02 7.3480594502e-02 3.9274057409e-03
7.5600000000e+02 7.3483804567e-02 3.6393569738e-03
7.5700000000e+02 7.4301092645e-02 3.5051034039e-03
7.5800000000e+02 7.5478679056e-02 3.5382622595e-03
7.5900000000e+02 7.5466937202e-02 3.6312956642e-03
7.6000000000e+02 7.5605722598e-02 3.6438142546e-03
7.6100000000e+02 7.5855493360e-02 3.7342578271e-03
7.6200000000e+02 7.6204839057e-02 3.7742668493e-03
7.6300000000e+02 7.7160391245e-02 3.8673783354e-03
7.6400000000e+02 7.6892877102e-02 3.8825332758e-03
7.6500000000e+02 7.5282115222e-02 3.7524222532e-03
7.6600000000e+02 7.4167979707e-02 3.6215711816e-03
7.6700000000e+02 7.2148769040e-02 3.5088055542e-03
7.6800000000e+02 7.0785096706e-02 3.5218194386e-03
7.6900000000e+02 7.0238726094e-02 3.6191163097e-03
7.7000000000e+02 7.1347215192e-02 3.7272347061e-03
7.7100000000e+02 7.3273567340e-02 3.7834851829e-03
7.7200000000e+02 7.3465254797e-02 3.9011794186e-03
7.7300000000e+02 7.1870152695e-02 3.9190139880e-03
7.7400000000e+02 7.1071276007e-02 3.9222663860e-03
7.7500000000e+02 7.2139634362e-02 3.8885355809e-03
7.7600000000e+02 7.4009512615e-02 4.0128211222e-03
7.7700000000e+02 7.5721928066e-02 3.9993285567e-03
7.7800000000e+02 7.4961353124e-02 3.7908935311e-03
7.7900000000e+02 7.3068149674e-02 3.4777411955e-03
7.8000000000e+02 7.2247885574e-02 3.2949812104e-03
7.8100000000e+02 7.3762524204e-02 3.2942801836e-03
7.8200000000e+02 7.4707150590e-02 3.5760408593e-03
7.8300000000e+02 7.4742735459e-02 3.7665908990e-03
7.8400000000e+02 7.3003283557e-02 3.8222858843e-03
7.8500000000e+02 7.0739508085e-02 3.7760256304e-03
7.8600000000e+02 6.9060843825e-02 3.5598510593e-03
7.8700000000e+02 6.9727745460e-02 3.4362380537e-03
7.8800000000e+02 7.2620071745e-02 3.5259489353e-03
7.8900000000e+02 7.6142911543e-02 3.6697568150e-03
7.9000000000e+02 7.7736171409e-02 3.8395519067e-03
7.9100000000e+02 7.6129483967e-02 3.9793722354e-03
7.9200000000e+02 7.2773142486e-02 4.1260764290e-03
7.9300000000e+02 7.0186512550e-02 4.1186534477e-03
7.9400000000e+02 6.8918769700e-02 4.0267709100e-03
7.9500000000e+02 6.8932360863e-02 3.9523141313e-03
7.9600000000e+02 6.9088900303e-02 3.8102099240e-03
7.9700000000e+02 7.0048667884e-02 3.6391093828e-03
7.9800000000e+02 7.1659460089e-02 3.4009904509e-03
7.9900000000e+02 7.1096231998e-02 3.4542408904e-03
8.0000000000e+02 7.0501974741e-02 3.6251129424e-03
8.0100000000e+02 6.9533836220e-02 3.6265509863e-03
8.0200000000e+02 6.8498222888e-02 3.5719840595e-03
8.0300000000e+02 6.7307034092e-02 3.7561545668e-03
8.0400000000e+02 6.7612707217e-02 3.8275587528e-03
8.0500000000e+02 6.8184894223e-02 3.7169949922e-03
8.0600000000e+02 6.8666742068e-02 3.5457142191e-03
8.0700000000e+02 6.9761109675e-02 3.3840933638e-03
8.0800000000e+02 7.0663101488e-02 3.3086561653e-03
8.0900000000e+02 7.1628262910e-02 3.1512917286e-03
8.1000000000e+02 7.1574100618e-02 3.2410119744e-03
8.1100000000e+02 6.9374785418e-02 3.5859804735e-03
8.1200000000e+02 6.8453169305e-02 3.6720326492e-03
8.1300000000e+02 6.8422335525e-02 3.8364381026e-03
8.1400000000e+02 7.1608820222e-02 3.9429657105e-03
8.1500000000e+02 7.3684000293e-02 4.1846967894e-03
8.1600000000e+02 7.4328427906e-02 4.3305669149e-03
8.1700000000e+02 7.4530143886e-02 4.1043997219e-03
8.1800000000e+02 7.3725312109e-02 3.7851623361e-03
8.1900000000e+02 7.2144435262e-02 3.7207104987e-03
8.2000000000e+02 6.9997770988e-02 3.5664127809e-03
8.2100000000e+02 6.8403609097e-02 3.4534604185e-03
8.2200000000e+02 6.6920224507e-02 3.3591329068e-03
8.2300000000e+02 6.6758477186e-02 3.3351736010e-03
8.2400000000e+02 6.7058397604e-02 3.4925984757e-03
8.2500000000e+02 6.8533931232e-02 3.5172923263e-03
8.2600000000e+02 6.9781512490e-02 3.5432396641e-03
8.2700000000e+02 7.0207179061e-02 3.6339004616e-03
8.2800000000e+02 7.1448868895e-02 3.5683285766e-03
8.2900000000e+02 7.2750680967e-02 3.5969138400e-03
8.3000000000e+02 7.3462656848e-02 3.7024915038e-03
8.3100000000e+02 7.1634556008e-02 3.6377280876e-03
8.3200000000e+02 6.9410273209e-02 3.5032858199e-03
8.3300000000e+02 6.7952471611e-02 3.3517935795e-03
8.3400000000e+02 6.6997984139e-02 3.2611898997e-03
8.3500000000e+02 6.6182118064e-02 3.2181539417e-03
8.3600000000e+02 6.4324299441e-02 3.3319522174e-03
8.3700000000e+02 6.4105330672e-02 3.4381059439e-03
8.3800000000e+02 6.5925986744e-02 3.3136482183e-03
8.3900000000e+02 6.6372471772e-02 3.4213269521e-03
8.4000000000e+02 6.5569626514e-02 3.5792712460e-03
8.4100000000e+02 6.4012633063e-02 3.8071014278e-03
8.4200000000e+02 6.2763674555e-02 3.7371449354e-03
8.4300000000e+02 6.2492887180e-02 3.6109406539e-03
8.4400000000e+02 6.3217797552e-02 3.5923758621e-03
8.4500000000e+02 6.4025016643e-02 3.7192607215e-03
8.4600000000e+02 6.4799601808e-02 3.8140218602e-03
8.4700000000e+02 6.7095114909e-02 3.7229589488e-03
8.4800000000e+02 6.9132871274e-02 3.4616193103e-03
8.4900000000e+02 6.9936626948e-02 3.2123848336e-03
8.5000000000e+02 7.0337758597e-02 3.1279941705e-03
8.5100000000e+02 6.9153516256e-02 3.2979893983e-03
8.5200000000e+02 6.6191716725e-02 3.3821827306e-03
8.5300000000e+02 6.3812964521e-02 3.5284890110e-03
8.5400000000e+02 6.2943653162e-02 3.6525879166e-03
8.5500000000e+02 6.4162356575e-02 3.5955573343e-03
8.5600000000e+02 6.4804057971e-02 3.5550546756e-03
8.5700000000e+02 6.5331350858e-02 3.4595498006e-03
8.5800000000e+02 6.7534549462e-02 3.2109906435e-03
8.5900000000e+02 6.8740911875e-02 2.9745006144e-03
8.6000000000e+02 6.7531929563e-02 2.9956824241e-03
8.6100000000e+02 6.7047848573e-02 3.0121078754e-03
8.6200000000e+02 6.6809818598e-02 3.0952853803e-03
8.6300000000e+02 6.6104707128e-02 3.3985257170e-03
8.6400000000e+02 6.5923724017e-02 3.6026189737e-03
8.6500000000e+02 6.5529847530e-02 3.7151216701e-03
8.6600000000e+02 6.3985305702e-02 3.5614300710e-03
8.6700000000e+02 6.2379334711e-02 3.1960240772e-03
8.6800000000e+02 6.1586491855e-02 2.8470928190e-03
8.6900000000e+02 6.1915621588e-02 2.7128361241e-03
8.7000000000e+02 6.4101959477e-02 2.8583852681e-03
8.7100000000e+02 6.7563921176e-02 3.1387676356e-03
8.7200000000e+02 6.9860152406e-02 3.3784192250e-03
8.7300000000e+02 7.0660219148e-02 3.4621152056e-03
8.7400000000e+02 6.9357824051e-02 3.5513247534e-03
8.7500000000e+02 6.7762901153e-02 3.7806088547e-03
8.7600000000e+02 6.7018641566e-02 3.7631182327e-03
8.7700000000e+02 6.6279413085e-02 3.5553664804e-03
8.7800000000e+02 6.5794252284e-02 3.4276969290e-03
8.7900000000e+02 6.5876616303e-02 3.4038885022e-03
8.8000000000e+02 6.4830393768e-02 3.6437398182e-03
8.8100000000e+02 6.3985897733e-02 3.8089330490e-03
8.8200000000e+02 6.4781044663e-02 3.5878493727e-03
8.8300000000e+02 6.6092366975e-02 3.4873226115e-03
8.8400000000e+02 6.5910264024e-02 3.3749747839e-03
8.8500000000e+02 6.3494086423e-02 3.3248076243e-03
8.8600000000e+02 6.0487156238e-02 3.1662490874e-03
8.8700000000e+02 5.9988592034e-02 3.1586730127e-03
8.8800000000e+02 5.9433937328e-02 3.1666680654e-03
8.8900000000e+02 5.8861931104e-02 3.2914028239e-03
8.9000000000e+02 5.8931875526e-02 3.2571008285e-03
8.9100000000e+02 6.0332904067e-02 3.0532234322e-03
8.9200000000e+02 6.3471408437e-02 3.0432738884e-03
8.9300000000e+02 6.6372039792e-02 3.0976385089e-03
8.9400000000e+02 6.8113040460e-02 3.2093436017e-03
8.9500000000e+02 6.7767708990e-02 3.3502268378e-03
8.9600000000e+02 6.6322605950e-02 3.4316183507e-03
8.9700000000e+02 6.5850116020e-02 3.5490267998e-03
8.9800000000e+02 6.7100888171e-02 3.5938725029e-03
8.9900000000e+02 6.7914332993e-02 3.6198485610e-03
9.0000000000e+02 6.7536603520e-02 3.6989616661e-03
9.0100000000e+02 6.7197748665e-02 3.5784595873e-03
9.0200000000e+02 6.6460089292e-02 3.4718978964e-03
9.0300000000e+02 6.5877209733e-02 3.3969614052e-03
9.0400000000e+02 6.6259686510e-02 3.2299608185e-03
9.0500000000e+02 6.5553019390e-02 3.0538676674e-03
9.0600000000e+02 6.4337817124e-02 2.9948677915e-03
9.0700000000e+02 6.2107765427e-02 3.2170158315e-03
9.0800000000e+02 6.1405942203e-02 3.3555064674e-03
9.0900000000e+02 6.1644472939e-02 3.3022480885e-03
9.1000000000e+02 6.2174525500e-02 3.2651308081e-03
9.1100000000e+02 6.1002037582e-02 3.4619572743e-03
9.1200000000e+02 6.0226139430e-02 3.6162905916e-03
9.1300000000e+02 5.9384196711e-02 3.4645936912e-03
9.1400000000e+02 5.8807402799e-02 3.3124140776e-03
9.1500000000e+02 5.9315647529e-02 3.1709338831e-03
9.1600000000e+02 6.0485116430e-02 3.1844297171e-03
9.1700000000e+02 6.2063179191e-02 3.1140385735e-03
9.1800000000e+02 6.3851554819e-02 3.0831846275e-03
9.1900000000e+02 6.3606906859e-02 3.0010163587e-03
9.2000000000e+02 6.1634238893e-02 3.1025152441e-03
9.2100000000e+02 5.9161174907e-02 3.1656443127e-03
9.2200000000e+02 5.7653215571e-02 3.2206036763e-03
9.2300000000e+02 5.8860427508e-02 3.1360800778e-03
9.2400000000e+02 6.0805166756e-02 3.1109919492e-03
9.2500000000e+02 6.2977823413e-02 3.1331701937e-03
9.2600000000e+02 6.4003341626e-02 3.2669084126e-03
9.2700000000e+02 6.4063250550e-02 3.5416352074e-03
9.2800000000e+02 6.5375205157e-02 3.6759850650e-03
9.2900000000e+02 6.5791992500e-02 3.7443708882e-03
9.3000000000e+02 6.5204296230e-02 3.6256188777e-03
9.3100000000e+02 6.4296451190e-02 3.3636515404e-03
9.3200000000e+02 6.2354482494e-02 3.2624635788e-03
9.3300000000e+02 5.9282672458e-02 3.3628243765e-03
9.3400000000e+02 5.7250955690e-02 3.3403200942e-03
9.3500000000e+02 5.6442375242e-02 3.2106773419e-03
9.3600000000e+02 5.6911152861e-02 3.0889890009e-03
9.3700000000e+02 5.8032668230e-02 3.0147415343e-03
9.3800000000e+02 5.8747452818e-02 3.1808473984e-03
9.3900000000e+02 5.8871070802e-02 3.2639018216e-03
9.4000000000e+02 5.8573994137e-02 3.0281379112e-03
9.4100000000e+02 5.8080560241e-02 2.8312133748e-03
9.4200000000e+02 5.7804090526e-02 2.9645606629e-03
9.4300000000e+02 5.7763041051e-02 3.0695063278e-03
9.4400000000e+02 5.7379837990e-02 3.0707698036e-03
9.4500000000e+02 5.6701684670e-02 3.1578040434e-03
9.4600000000e+02 5.6166946066e-02 3.1638463085e-03
9.4700000000e+02 5.7411960802e-02 3.1167232840e-03
9.4800000000e+02 5.7510210478e-02 3.2028941351e-03
9.4900000000e+02 5.7833191965e-02 3.2002714354e-03
9.5000000000e+02 5.7706049565e-02 3.2262564812e-03
9.5100000000e+02 5.7031699887e-02 3.3322229505e-03
9.5200000000e+02 5.7877439127e-02 3.3518473765e-03
9.5300000000e+02 6.0149255825e-02 3.3532317180e-03
9.5400000000e+02 6.1495915496e-02 3.3168453024e-03
9.5500000000e+02 6.0659063590e-02 3.3145054084e-03
9.5600000000e+02 5.9921495823e-02 3.1619527646e-03
9.5700000000e+02 6.2220102460e-02 2.9481738730e-03
9.5800000000e+02 6.3720229134e-02 3.0870551589e-03
9.5900000000e+02 6.3688754769e-02 3.3009124067e-03
9.6000000000e+02 6.3124223900e-02 3.3248246931e-03
9.6100000000e+02 6.1681814217e-02 3.4072305478e-03
9.6200000000e+02 6.1382984432e-02 3.3457618308e-03
9.6300000000e+02 6.1497673263e-02 3.0588352714e-03
9.6400000000e+02 5.9679538612e-02 2.9332511503e-03
9.6500000000e+02 5.7094867377e-02 3.0944161001e-03
9.6600000000e+02 5.6728417468e-02 3.0566625319e-03
9.6700000000e+02 5.6580065126e-02 2.9174309989e-03
9.6800000000e+02 5.6562503117e-02 2.8906003977e-03
9.6900000000e+02 5.7477657712e-02 2.9272096772e-03
9.7000000000e+02 5.9314166306e-02 3.0525807032e-03
9.7100000000e+02 6.1546228337e-02 3.1442160418e-03
9.7200000000e+02 6.0387934253e-02 3.2709445146e-03
9.7300000000e+02 5.7610034483e-02 3.3934627602e-03
9.7400000000e+02 5.6070732816e-02 3.4008207668e-03
9.7500000000e+02 5.6998161110e-02 3.3372861579e-03
9.7600000000e+02 5.8257925821e-02 3.2633053660e-03
9.7700000000e+02 6.0642659046e-02 3.2348928456e-03
9.7800000000e+02 6.1130492041e-02 3.2981185573e-03
9.7900000000e+02 5.9845546330e-02 3.3694507849e-03
9.8000000000e+02 5.6532555350e-02 3.3028258607e-03
9.8100000000e+02 5.3755513394e-02 3.0682541734e-03
9.8200000000e+02 5.2112713413e-02 2.9638728282e-03
9.8300000000e+02 5.4527225829e-02 3.1117750264e-03
9.8400000000e+02 5.7392657063e-02 3.2859653734e-03
9.8500000000e+02 5.9176622999e-02 3.3329703991e-03
9.8600000000e+02 5.8399148112e-02 3.4277703682e-03
9.8700000000e+02 5.9102611133e-02 3.1825595457e-03
9.8800000000e+02 5.9450735972e-02 2.8360111036e-03
9.8900000000e+02 5.8484321885e-02 2.8896331554e-03
9.9000000000e+02 5.6827608595e-02 3.1284799774e-03
9.9100000000e+02 5.6082887178e-02 3.2291373865e-03
9.9200000000e+02 5.6549597088e-02 3.1121998340e-03
9.9300000000e+02 5.8367164626e-02 2.9514480551e-03
9.9400000000e+02 6.0957667320e-02 2.9445816784e-03
9.9500000000e+02 6.3724108496e-02 3.0838066495e-03
9.9600000000e+02 6.4275351946e-02 3.1106017107e-03
9.9700000000e+02 6.2568781979e-02 3.0882021391e-03
9.9800000000e+02 6.0448297278e-02 3.0516558261e-03
9.9900000000e+02 5.8430296249e-02 2.9965415395e-03
