1.000000000000000000e+00
9.619364351254583445e-01
9.215294744462243504e-01
8.918821312912499355e-01
8.477408526851402115e-01
8.177474036588547879e-01
7.384926114100330841e-01
7.287952214029426168e-01
7.237075971997201096e-01
6.461127568387496911e-01
6.204210813295706339e-01
6.176264012930254843e-01
6.254349591536895181e-01
6.053607194402935709e-01
5.428444787846722352e-01
4.830767997726786445e-01
4.713324845363645599e-01
5.140531143842744788e-01
5.132114482495475638e-01
4.878445588741087136e-01
4.623528959814886541e-01
5.832636035421825405e-01
5.071030266827246669e-01
5.168446648548682409e-01
5.365930328155460449e-01
5.791124482292084874e-01
5.419270825634082689e-01
5.487087101343190998e-01
5.307329313355841904e-01
5.629149439489358198e-01
5.051020548232838525e-01
4.812069581813435692e-01
5.178254903244958740e-01
4.643219883404715587e-01
4.400685319207766066e-01
4.840161338308918704e-01
4.331727253447484327e-01
3.403051740964035399e-01
3.748221504602303189e-01
3.270611571471484513e-01
3.032053772260544511e-01
3.362280051911813450e-01
2.915060353753514133e-01
2.672046910736342040e-01
2.345600078620005691e-01
2.351697086625989530e-01
2.701341671006424194e-01
2.517745322142433961e-01
3.025197517481216791e-01
2.948641156468471136e-01
