1.000000000000000222e+00
5.097261025375611210e-01
4.115573219840048536e-01
3.630948173554536806e-01
3.229383469150680641e-01
3.092341364796899472e-01
3.074501976199460751e-01
4.512240589771049915e-01
3.151701693299750473e-01
3.145894771796901579e-01
3.068028086567217150e-01
3.641492611163027471e-01
2.625391787633638008e-01
3.245164842869638910e-01
3.593628056840974527e-01
3.909511628111205228e-01
3.451637151909717760e-01
2.083602390176418351e-01
3.315589700694239195e-01
3.417118598734943946e-01
2.892317345064045475e-01
2.231378257835209822e-01
1.865696607495207771e-01
2.292526265090289728e-01
2.525409240929823440e-01
2.152484979523379971e-01
2.830260335865645849e-01
3.266032600672511554e-01
2.049738716003694505e-01
2.305328498043303642e-01
2.363579857558580355e-01
1.923173558217580736e-01
1.814610237409561566e-01
1.844918899019629688e-01
1.399837307382902352e-01
2.644170819821446416e-01
2.136292849286055284e-01
2.063506338050862809e-01
1.894999510249689989e-01
1.913334019614006398e-01
2.428711822828918121e-01
1.881106214639968743e-01
2.206507441978189932e-01
1.860872379489108275e-01
2.551787289288623972e-01
2.121846542574248873e-01
2.362586872530569315e-01
2.183959704630868137e-01
2.274556286447348974e-01
2.107679852524927122e-01
