0.000000000000000000e+00
4.288163767272595156e-02
3.451391457014635344e-02
4.789165952542633053e-02
4.775188905424403857e-02
2.391955626112579614e-02
3.376587678268579834e-02
3.085478729905116735e-02
3.344893047952832849e-02
3.053537598806413400e-02
4.047443499101414238e-02
3.621672377483328709e-02
3.184165299110951891e-02
3.382714604945243064e-02
3.252286900107458772e-02
3.553055737870441932e-02
2.818272080313066752e-02
3.307853325988759086e-02
2.613252249740436947e-02
3.225756544375543711e-02
3.159419622343451889e-02
3.200208523907861063e-02
2.891962893427883416e-02
3.273611709079050219e-02
2.908087155617393102e-02
2.400618843019382623e-02
2.690797637274737128e-02
2.708563757234919850e-02
2.447524128202306984e-02
2.374574072367708136e-02
2.652736888272339000e-02
2.801153194066899332e-02
3.763827574879115984e-02
3.470861290689923606e-02
3.345722649338352117e-02
2.825186443618309812e-02
2.231353160138168507e-02
2.303975885388180253e-02
2.047683243906290446e-02
2.671757753903688734e-02
2.503064814572162483e-02
2.312234090649802412e-02
3.079795050977798127e-02
3.316336224119996456e-02
3.227100123583694774e-02
3.303835043262338955e-02
2.915661574339995996e-02
2.724141376329476325e-02
1.902864759193661007e-02
2.517392236151872256e-02
