# index  mean  stderr
0.0000000000e+00 1.0000000000e+00 0.0000000000e+00
1.0000000000e+00 8.4113087696e-01 1.2213543750e-02
2.0000000000e+00 6.7411039224e-01 1.9644280812e-02
3.0000000000e+00 5.3592661040e-01 1.9533587652e-02
4.0000000000e+00 4.4067306573e-01 1.7631870704e-02
5.0000000000e+00 4.1349592596e-01 1.9280953541e-02
6.0000000000e+00 3.9515118919e-01 1.7532449695e-02
7.0000000000e+00 4.1422939299e-01 1.6494402862e-02
8.0000000000e+00 4.2109667491e-01 1.8899925265e-02
9.0000000000e+00 3.9528979145e-01 1.9302109713e-02
1.0000000000e+01 3.9400296273e-01 1.8734644633e-02
1.1000000000e+01 3.8042232353e-01 1.8892011503e-02
1.2000000000e+01 3.5929908899e-01 1.9038284186e-02
1.3000000000e+01 3.4904889741e-01 1.7436242976e-02
1.4000000000e+01 3.4631085642e-01 1.7249306275e-02
1.5000000000e+01 3.3673578542e-01 1.6158199060e-02
1.6000000000e+01 3.3714909443e-01 1.4768529984e-02
1.7000000000e+01 3.4078602138e-01 1.7650323673e-02
1.8000000000e+01 3.3097878025e-01 1.7217303811e-02
1.9000000000e+01 3.2514281316e-01 1.5872429079e-02
2.0000000000e+01 3.1798695509e-01 1.4608209251e-02
2.1000000000e+01 3.2027406094e-01 1.3769079270e-02
2.2000000000e+01 3.1212204081e-01 1.2713105707e-02
2.3000000000e+01 2.9342454940e-01 1.3733801614e-02
2.4000000000e+01 2.9637040235e-01 1.4099326598e-02
2.5000000000e+01 2.9638459036e-01 1.4926151397e-02
2.6000000000e+01 3.0052260528e-01 1.3999330529e-02
2.7000000000e+01 2.8252697682e-01 1.4488610023e-02
2.8000000000e+01 2.7056414302e-01 1.3576353642e-02
2.9000000000e+01 2.4330743561e-01 1.2517933144e-02
3.0000000000e+01 2.4389705543e-01 1.2600164502e-02
3.1000000000e+01 2.4406845130e-01 1.3195542249e-02
3.2000000000e+01 2.6275113056e-01 1.3663996819e-02
3.3000000000e+01 2.6209597315e-01 1.3046642718e-02
3.4000000000e+01 2.6845488123e-01 1.5843181281e-02
3.5000000000e+01 2.6077805379e-01 1.4572768776e-02
3.6000000000e+01 2.6638662295e-01 1.3053578019e-02
3.7000000000e+01 2.5608881681e-01 1.2558655402e-02
3.8000000000e+01 2.4085315208e-01 1.2236350708e-02
3.9000000000e+01 2.3419342871e-01 1.1288922916e-02
4.0000000000e+01 2.2177301206e-01 1.1654185236e-02
4.1000000000e+01 2.2968709112e-01 1.2823795069e-02
4.2000000000e+01 2.2571184320e-01 1.1564559930e-02
4.3000000000e+01 2.2401141618e-01 1.1829088153e-02
4.4000000000e+01 2.2146590639e-01 1.2200504664e-02
4.5000000000e+01 2.1965511748e-01 1.3231320697e-02
4.6000000000e+01 2.2171355907e-01 1.2930823421e-02
4.7000000000e+01 2.2197058920e-01 1.3215226976e-02
4.8000000000e+01 2.2573094442e-01 1.1148776382e-02
4.9000000000e+01 2.3180847866e-01 1.1041919520e-02
5.0000000000e+01 2.3143788188e-01 1.2016507268e-02
5.1000000000e+01 2.3749443919e-01 1.1818694451e-02
5.2000000000e+01 2.2854802944e-01 1.2303128211e-02
5.3000000000e+01 2.2726178784e-01 1.2090759934e-02
5.4000000000e+01 2.1456812508e-01 1.1870632436e-02
5.5000000000e+01 2.0930180360e-01 1.1703613849e-02
5.6000000000e+01 2.1668620439e-01 1.1940239234e-02
5.7000000000e+01 2.1549062561e-01 1.1564679727e-02
5.8000000000e+01 2.1324511553e-01 1.2142135487e-02
5.9000000000e+01 2.0579884087e-01 1.1241738907e-02
6.0000000000e+01 2.0581518019e-01 1.0256148833e-02
6.1000000000e+01 2.2337134933e-01 1.1540152136e-02
6.2000000000e+01 2.3587142577e-01 1.2151988069e-02
6.3000000000e+01 2.3570508764e-01 1.1516791035e-02
6.4000000000e+01 2.1411476656e-01 1.0398545291e-02
6.5000000000e+01 2.0812191938e-01 1.0498934087e-02
6.6000000000e+01 2.0582297839e-01 1.0692230881e-02
6.7000000000e+01 2.2544435286e-01 1.0700518692e-02
6.8000000000e+01 2.1867279882e-01 1.1258739181e-02
6.9000000000e+01 2.2641961366e-01 1.1073998648e-02
7.0000000000e+01 2.1484759391e-01 1.1487944842e-02
7.1000000000e+01 2.2544607801e-01 1.0845491300e-02
7.2000000000e+01 2.3259654030e-01 1.0765773380e-02
7.3000000000e+01 2.2633466345e-01 1.1472976406e-02
7.4000000000e+01 2.2230841474e-01 1.1666821519e-02
7.5000000000e+01 2.2282421769e-01 1.1677276668e-02
7.6000000000e+01 2.1594063626e-01 1.1597852756e-02
7.7000000000e+01 2.1345794174e-01 1.1946806268e-02
7.8000000000e+01 2.0156278886e-01 1.1288336508e-02
7.9000000000e+01 1.9582603431e-01 1.0819745208e-02
8.0000000000e+01 2.0088271353e-01 1.1191780671e-02
8.1000000000e+01 1.9989145547e-01 9.7918480731e-03
8.2000000000e+01 2.0199373078e-01 1.1301406396e-02
8.3000000000e+01 2.0423256761e-01 1.0287362393e-02
8.4000000000e+01 1.8820326222e-01 1.1146251370e-02
8.5000000000e+01 1.8352433898e-01 1.0948658862e-02
8.6000000000e+01 1.8690743056e-01 9.0285468314e-03
8.7000000000e+01 1.9606672981e-01 9.5862897309e-03
8.8000000000e+01 2.0791782683e-01 1.0573949493e-02
8.9000000000e+01 2.1421049689e-01 1.1226442890e-02
9.0000000000e+01 2.1193441254e-01 1.0873524058e-02
9.1000000000e+01 2.0067238716e-01 1.0762826622e-02
9.2000000000e+01 1.9014768758e-01 9.8646615414e-03
9.3000000000e+01 1.8744304236e-01 9.9322456645e-03
9.4000000000e+01 1.8861376871e-01 9.9839848876e-03
9.5000000000e+01 1.8962838810e-01 9.9917497125e-03
9.6000000000e+01 1.8826719692e-01 9.6823692217e-03
9.7000000000e+01 2.0081628725e-01 1.0936389560e-02
9.8000000000e+01 2.1978248693e-01 1.1272898727e-02
9.9000000000e+01 2.1851755999e-01 1.0788115410e-02
1.0000000000e+02 2.1486699810e-01 1.0337494062e-02
1.0100000000e+02 2.0990747314e-01 1.0240328515e-02
1.0200000000e+02 2.0008348904e-01 1.0101299480e-02
1.0300000000e+02 2.0106610856e-01 1.0181142627e-02
1.0400000000e+02 1.9093361364e-01 9.6213055866e-03
1.0500000000e+02 1.7673635192e-01 9.2744798844e-03
1.0600000000e+02 1.7214452815e-01 9.0146952605e-03
1.0700000000e+02 1.7733626265e-01 9.2006013791e-03
1.0800000000e+02 1.8736223625e-01 9.2602499232e-03
1.0900000000e+02 1.9487118848e-01 9.0117456985e-03
1.1000000000e+02 1.8441498378e-01 9.4317005647e-03
1.1100000000e+02 1.7456010742e-01 9.2260270904e-03
1.1200000000e+02 1.8157475346e-01 9.0271524055e-03
1.1300000000e+02 1.7222175292e-01 9.6686258510e-03
1.1400000000e+02 1.7445323617e-01 8.7860757075e-03
1.1500000000e+02 1.6297713719e-01 1.0027376819e-02
1.1600000000e+02 1.6716130141e-01 1.1582838024e-02
1.1700000000e+02 1.8338197254e-01 1.1128781435e-02
1.1800000000e+02 1.8885164639e-01 1.0087275389e-02
1.1900000000e+02 1.7978978030e-01 1.0224714479e-02
1.2000000000e+02 1.7896297085e-01 9.7473390379e-03
1.2100000000e+02 1.8164640283e-01 1.0264402098e-02
1.2200000000e+02 1.8095363728e-01 9.0640349025e-03
1.2300000000e+02 1.8277339807e-01 9.8562904855e-03
1.2400000000e+02 1.7506542187e-01 8.5086848843e-03
1.2500000000e+02 1.6708253671e-01 8.4159766008e-03
1.2600000000e+02 1.6515155693e-01 7.7664362597e-03
1.2700000000e+02 1.7237043446e-01 8.2042328573e-03
1.2800000000e+02 1.7215121483e-01 9.6204029772e-03
1.2900000000e+02 1.7584075987e-01 1.0447362962e-02
1.3000000000e+02 1.7967074346e-01 1.0461110745e-02
1.3100000000e+02 1.7673820262e-01 1.0611912824e-02
1.3200000000e+02 1.7564246896e-01 1.0124566753e-02
1.3300000000e+02 1.7102484452e-01 9.8427786830e-03
1.3400000000e+02 1.8363630991e-01 9.9523421171e-03
1.3500000000e+02 1.6343214769e-01 9.4901930083e-03
1.3600000000e+02 1.5224528200e-01 7.7060095333e-03
1.3700000000e+02 1.4824128442e-01 7.5728812850e-03
1.3800000000e+02 1.5245482066e-01 8.0358424362e-03
1.3900000000e+02 1.5661417158e-01 8.2628563306e-03
1.4000000000e+02 1.7955567583e-01 8.3498323684e-03
1.4100000000e+02 1.7311070798e-01 8.4906262547e-03
1.4200000000e+02 1.7992790319e-01 8.9808545288e-03
1.4300000000e+02 1.7692657226e-01 9.1372953675e-03
1.4400000000e+02 1.7656122870e-01 9.3186671971e-03
1.4500000000e+02 1.7768367976e-01 9.6684683997e-03
1.4600000000e+02 1.7912598252e-01 9.4061317291e-03
1.4700000000e+02 1.7738876930e-01 8.8884356471e-03
1.4800000000e+02 1.6343295930e-01 9.2235833592e-03
1.4900000000e+02 1.7262580133e-01 8.8842019829e-03
1.5000000000e+02 1.8187096942e-01 9.6372956381e-03
1.5100000000e+02 1.7388167969e-01 1.0167639955e-02
1.5200000000e+02 1.7715211775e-01 9.3298860475e-03
1.5300000000e+02 1.7781425866e-01 8.7125565906e-03
1.5400000000e+02 1.7893628104e-01 9.3400369712e-03
1.5500000000e+02 1.7870399690e-01 1.0085747208e-02
1.5600000000e+02 1.7521077394e-01 9.8411330866e-03
1.5700000000e+02 1.6709979908e-01 9.3496501478e-03
1.5800000000e+02 1.6099138464e-01 9.7452194604e-03
1.5900000000e+02 1.6778168330e-01 9.8036967042e-03
1.6000000000e+02 1.7009292741e-01 8.8121744680e-03
1.6100000000e+02 1.7101865269e-01 8.8607295993e-03
1.6200000000e+02 1.8021656185e-01 8.8873772663e-03
1.6300000000e+02 1.7627679276e-01 9.3891032276e-03
1.6400000000e+02 1.8375818806e-01 7.9331674934e-03
1.6500000000e+02 1.9081935646e-01 8.2634173582e-03
1.6600000000e+02 1.7963852052e-01 9.2289729505e-03
1.6700000000e+02 1.7794280177e-01 8.8166259976e-03
1.6800000000e+02 1.8265115020e-01 9.0226678082e-03
1.6900000000e+02 1.8599306220e-01 9.3127960375e-03
1.7000000000e+02 1.7738275963e-01 9.3907437883e-03
1.7100000000e+02 1.7413116241e-01 8.8626895660e-03
1.7200000000e+02 1.7281408826e-01 9.9230461572e-03
1.7300000000e+02 1.7974394094e-01 1.0270123944e-02
1.7400000000e+02 1.7536036995e-01 9.2470447845e-03
1.7500000000e+02 1.7560080463e-01 9.3888487039e-03
1.7600000000e+02 1.7280222056e-01 9.6702202794e-03
1.7700000000e+02 1.7678146085e-01 1.0039738473e-02
1.7800000000e+02 1.8367011989e-01 9.1396169916e-03
1.7900000000e+02 1.8209481209e-01 9.0004508558e-03
1.8000000000e+02 1.7625440865e-01 8.9686729490e-03
1.8100000000e+02 1.8176350839e-01 9.5787969933e-03
1.8200000000e+02 1.8439945582e-01 9.7794428453e-03
1.8300000000e+02 1.7747834822e-01 9.0171406161e-03
1.8400000000e+02 1.7304546731e-01 8.5121339936e-03
1.8500000000e+02 1.7651555449e-01 8.3012607837e-03
1.8600000000e+02 1.7174326123e-01 8.9389728500e-03
1.8700000000e+02 1.7871374862e-01 8.9188368100e-03
1.8800000000e+02 1.7608773502e-01 9.8806937143e-03
1.8900000000e+02 1.7570093758e-01 9.2196153438e-03
1.9000000000e+02 1.7404172067e-01 8.8152500700e-03
1.9100000000e+02 1.8539913562e-01 9.7138671344e-03
1.9200000000e+02 1.7810284651e-01 9.0392516162e-03
1.9300000000e+02 1.6770259258e-01 8.9874653205e-03
1.9400000000e+02 1.6736517166e-01 9.6640132250e-03
1.9500000000e+02 1.6803989054e-01 9.4913630886e-03
1.9600000000e+02 1.6111472347e-01 8.8241792324e-03
1.9700000000e+02 1.6087500873e-01 8.6653345947e-03
1.9800000000e+02 1.5912319682e-01 7.7498024463e-03
1.9900000000e+02 1.5160173664e-01 7.2101052975e-03
2.0000000000e+02 1.5462070515e-01 6.9508193026e-03
2.0100000000e+02 1.5949280496e-01 7.4254910276e-03
2.0200000000e+02 1.5843473895e-01 7.2435439203e-03
2.0300000000e+02 1.6372645048e-01 8.0806854113e-03
2.0400000000e+02 1.6229820483e-01 8.1575588351e-03
2.0500000000e+02 1.5882278618e-01 8.7021866696e-03
2.0600000000e+02 1.6254352448e-01 9.3528911215e-03
2.0700000000e+02 1.6051981147e-01 8.8945976664e-03
2.0800000000e+02 1.5768542070e-01 7.9224327831e-03
2.0900000000e+02 1.6487162960e-01 7.1393461385e-03
2.1000000000e+02 1.5997565904e-01 7.8596538486e-03
2.1100000000e+02 1.6190510322e-01 8.9131135053e-03
2.1200000000e+02 1.6199166168e-01 8.8385818877e-03
2.1300000000e+02 1.6220283892e-01 8.5062571833e-03
2.1400000000e+02 1.7159475853e-01 8.7546834501e-03
2.1500000000e+02 1.7555981024e-01 8.9044842309e-03
2.1600000000e+02 1.6684303057e-01 8.7786073895e-03
2.1700000000e+02 1.6222333205e-01 8.9799104946e-03
2.1800000000e+02 1.6340906130e-01 8.4433422514e-03
2.1900000000e+02 1.5049970252e-01 6.8241157409e-03
2.2000000000e+02 1.4959120734e-01 7.0998855539e-03
2.2100000000e+02 1.4810754317e-01 7.1448146955e-03
2.2200000000e+02 1.6605231399e-01 8.1703213124e-03
2.2300000000e+02 1.7229957451e-01 9.1415793756e-03
2.2400000000e+02 1.6681962118e-01 8.8195688846e-03
2.2500000000e+02 1.5849467437e-01 8.2578760267e-03
2.2600000000e+02 1.5233438426e-01 8.4656651678e-03
2.2700000000e+02 1.5625838415e-01 8.1857240085e-03
2.2800000000e+02 1.5924650305e-01 7.8394825044e-03
2.2900000000e+02 1.5351769027e-01 8.8309065076e-03
2.3000000000e+02 1.4663944690e-01 8.0495834151e-03
2.3100000000e+02 1.5154835219e-01 6.9829759301e-03
2.3200000000e+02 1.5737430947e-01 7.7210219457e-03
2.3300000000e+02 1.7080347293e-01 9.7249694418e-03
2.3400000000e+02 1.7111842176e-01 9.5631738385e-03
2.3500000000e+02 1.6599616373e-01 8.7309604544e-03
2.3600000000e+02 1.5662067504e-01 9.1741815501e-03
2.3700000000e+02 1.5279499688e-01 8.2324229002e-03
2.3800000000e+02 1.5275746197e-01 8.3854062249e-03
2.3900000000e+02 1.5715570999e-01 8.1280047481e-03
2.4000000000e+02 1.5446877902e-01 8.2995541669e-03
2.4100000000e+02 1.5775458425e-01 9.0592077131e-03
2.4200000000e+02 1.5492621369e-01 9.3117660490e-03
2.4300000000e+02 1.5494343607e-01 8.8740647015e-03
2.4400000000e+02 1.5012605369e-01 7.8800587339e-03
2.4500000000e+02 1.5077604629e-01 8.0932303436e-03
2.4600000000e+02 1.5042211955e-01 7.7800233643e-03
2.4700000000e+02 1.5270185142e-01 8.6360734514e-03
2.4800000000e+02 1.6240016131e-01 8.8131569624e-03
2.4900000000e+02 1.5878131135e-01 8.8601768744e-03
2.5000000000e+02 1.4943057232e-01 8.2206526553e-03
2.5100000000e+02 1.6064218048e-01 8.2051675548e-03
2.5200000000e+02 1.5516892064e-01 8.2088282194e-03
2.5300000000e+02 1.5405133311e-01 8.1573821107e-03
2.5400000000e+02 1.5376861992e-01 8.0621803274e-03
2.5500000000e+02 1.4744476849e-01 7.9228911469e-03
2.5600000000e+02 1.4965643065e-01 8.7563075828e-03
2.5700000000e+02 1.5769572280e-01 8.8981557882e-03
2.5800000000e+02 1.5276921611e-01 8.6696758906e-03
2.5900000000e+02 1.5026309586e-01 7.7858381624e-03
2.6000000000e+02 1.4923016199e-01 7.8270540600e-03
2.6100000000e+02 1.4942508229e-01 8.3587496443e-03
2.6200000000e+02 1.4467751863e-01 8.4475352171e-03
2.6300000000e+02 1.4901881246e-01 8.9337659204e-03
2.6400000000e+02 1.4665994121e-01 7.7512759481e-03
2.6500000000e+02 1.5323924905e-01 7.5343457148e-03
2.6600000000e+02 1.4345528378e-01 7.2181323759e-03
2.6700000000e+02 1.3295154081e-01 7.2386090862e-03
2.6800000000e+02 1.4390316155e-01 7.5811563592e-03
2.6900000000e+02 1.4901775521e-01 7.9727198102e-03
2.7000000000e+02 1.4977587305e-01 8.0164924833e-03
2.7100000000e+02 1.6630018184e-01 8.2246112225e-03
2.7200000000e+02 1.5650543315e-01 7.8782636224e-03
2.7300000000e+02 1.5378955899e-01 7.7903351424e-03
2.7400000000e+02 1.4328502293e-01 8.1622431301e-03
2.7500000000e+02 1.4780327757e-01 7.3865047480e-03
2.7600000000e+02 1.4346679430e-01 6.7633627269e-03
2.7700000000e+02 1.4711831770e-01 7.3478957506e-03
2.7800000000e+02 1.3909157579e-01 7.2643156571e-03
2.7900000000e+02 1.4666790960e-01 6.8393968391e-03
2.8000000000e+02 1.4984739709e-01 6.9740251045e-03
2.8100000000e+02 1.5086025252e-01 7.2784644967e-03
2.8200000000e+02 1.5041465830e-01 7.5533818283e-03
2.8300000000e+02 1.5310860629e-01 7.6601961687e-03
2.8400000000e+02 1.5517845115e-01 7.8637664310e-03
2.8500000000e+02 1.4971828321e-01 7.3517804691e-03
2.8600000000e+02 1.3944158751e-01 7.7793052491e-03
2.8700000000e+02 1.4049780498e-01 8.4095966790e-03
2.8800000000e+02 1.4300296772e-01 7.3528675279e-03
2.8900000000e+02 1.4511907012e-01 7.1608065084e-03
2.9000000000e+02 1.4708471248e-01 6.8007844785e-03
2.9100000000e+02 1.4988857843e-01 7.7735562484e-03
2.9200000000e+02 1.4504816577e-01 7.6348426270e-03
2.9300000000e+02 1.4376082543e-01 7.3360653092e-03
2.9400000000e+02 1.3779153007e-01 8.0055225949e-03
2.9500000000e+02 1.2871216287e-01 7.9320271630e-03
2.9600000000e+02 1.2927338689e-01 7.5307546366e-03
2.9700000000e+02 1.3683627425e-01 6.8787968645e-03
2.9800000000e+02 1.3963534346e-01 7.1307523219e-03
2.9900000000e+02 1.4865896011e-01 7.8387626823e-03
3.0000000000e+02 1.5496028870e-01 8.0364507182e-03
3.0100000000e+02 1.5268350168e-01 7.6400249966e-03
3.0200000000e+02 1.4775493054e-01 8.1823871404e-03
3.0300000000e+02 1.4830611711e-01 8.3147997711e-03
3.0400000000e+02 1.4076759588e-01 7.7038105266e-03
3.0500000000e+02 1.3864921606e-01 7.7160154119e-03
3.0600000000e+02 1.4635345119e-01 8.0436753782e-03
3.0700000000e+02 1.5265092354e-01 8.1879948242e-03
3.0800000000e+02 1.4508279734e-01 8.2576828746e-03
3.0900000000e+02 1.4365809262e-01 8.3134933836e-03
3.1000000000e+02 1.4959092779e-01 7.9610309426e-03
3.1100000000e+02 1.4849030603e-01 7.4897913285e-03
3.1200000000e+02 1.4738757453e-01 6.9912018713e-03
3.1300000000e+02 1.5038397703e-01 7.1132210922e-03
3.1400000000e+02 1.5039614668e-01 8.1703457206e-03
3.1500000000e+02 1.4266721086e-01 7.5565989512e-03
3.1600000000e+02 1.5090851262e-01 6.9564328374e-03
3.1700000000e+02 1.4528783054e-01 7.4464386961e-03
3.1800000000e+02 1.3900266212e-01 7.0265909963e-03
3.1900000000e+02 1.4898032726e-01 7.0263480074e-03
3.2000000000e+02 1.5578423174e-01 7.8699235729e-03
3.2100000000e+02 1.5453940336e-01 8.1941693227e-03
3.2200000000e+02 1.4907627371e-01 7.8354244787e-03
3.2300000000e+02 1.4151570572e-01 7.8889562315e-03
3.2400000000e+02 1.4713531466e-01 8.1381235134e-03
3.2500000000e+02 1.4582653563e-01 7.8695418216e-03
3.2600000000e+02 1.4960674323e-01 7.1157648076e-03
3.2700000000e+02 1.5005366497e-01 8.1451662973e-03
3.2800000000e+02 1.5895066914e-01 8.0022654148e-03
3.2900000000e+02 1.6117673375e-01 7.9559116092e-03
3.3000000000e+02 1.6502707850e-01 8.4274772608e-03
3.3100000000e+02 1.5966846002e-01 8.0183891681e-03
3.3200000000e+02 1.6029038664e-01 7.3986552814e-03
3.3300000000e+02 1.5077735307e-01 6.9307033801e-03
3.3400000000e+02 1.5455302983e-01 7.5428417803e-03
3.3500000000e+02 1.5277349521e-01 8.2246092420e-03
3.3600000000e+02 1.4243027121e-01 8.0185167214e-03
3.3700000000e+02 1.3718742281e-01 7.6999915322e-03
3.3800000000e+02 1.4674424421e-01 7.7917343447e-03
3.3900000000e+02 1.4743783830e-01 7.1491320502e-03
3.4000000000e+02 1.5334839848e-01 7.3390872957e-03
3.4100000000e+02 1.4834269278e-01 6.7259576278e-03
3.4200000000e+02 1.4246887541e-01 6.9718022654e-03
3.4300000000e+02 1.4254068610e-01 6.8646181267e-03
3.4400000000e+02 1.3845944953e-01 7.2346190938e-03
3.4500000000e+02 1.3717799215e-01 7.3537286712e-03
3.4600000000e+02 1.4263271914e-01 7.0173173075e-03
3.4700000000e+02 1.5193394424e-01 8.1669626340e-03
3.4800000000e+02 1.5825404404e-01 8.0854424882e-03
3.4900000000e+02 1.5602575049e-01 8.4014868307e-03
3.5000000000e+02 1.4753285036e-01 8.2773740631e-03
3.5100000000e+02 1.4012801121e-01 7.8437711350e-03
3.5200000000e+02 1.3770894640e-01 8.4427801628e-03
3.5300000000e+02 1.4036017691e-01 7.5308997917e-03
3.5400000000e+02 1.2577198392e-01 7.2422326997e-03
3.5500000000e+02 1.3332810197e-01 7.1772052364e-03
3.5600000000e+02 1.3537743873e-01 7.5119742044e-03
3.5700000000e+02 1.3360498980e-01 7.0019125945e-03
3.5800000000e+02 1.3328602839e-01 6.9693164551e-03
3.5900000000e+02 1.3619049831e-01 6.7674458813e-03
3.6000000000e+02 1.3863383544e-01 6.8478690147e-03
3.6100000000e+02 1.3948869464e-01 7.3575539264e-03
3.6200000000e+02 1.4321192477e-01 7.2485342079e-03
3.6300000000e+02 1.3938308655e-01 7.2373360072e-03
3.6400000000e+02 1.4282201090e-01 7.1683426519e-03
3.6500000000e+02 1.4697237765e-01 6.8540430312e-03
3.6600000000e+02 1.4476267944e-01 6.4465025700e-03
3.6700000000e+02 1.4196259616e-01 6.7628511952e-03
3.6800000000e+02 1.4911700343e-01 7.1445087176e-03
3.6900000000e+02 1.5837375193e-01 7.5057980095e-03
3.7000000000e+02 1.5657738895e-01 7.8250023571e-03
3.7100000000e+02 1.4881824328e-01 7.5636944306e-03
3.7200000000e+02 1.5127599418e-01 7.7915385060e-03
3.7300000000e+02 1.4541947580e-01 7.3900079777e-03
3.7400000000e+02 1.4678190576e-01 8.0129951995e-03
3.7500000000e+02 1.4381098968e-01 7.5892626364e-03
3.7600000000e+02 1.4451946899e-01 7.4340959307e-03
3.7700000000e+02 1.4496467952e-01 7.3513112018e-03
3.7800000000e+02 1.5189928751e-01 7.1318222922e-03
3.7900000000e+02 1.5533066552e-01 7.5618984606e-03
3.8000000000e+02 1.5333954029e-01 8.1634341290e-03
3.8100000000e+02 1.6132470279e-01 8.9377855096e-03
3.8200000000e+02 1.6039687139e-01 8.7625456906e-03
3.8300000000e+02 1.4899052696e-01 8.7476225882e-03
3.8400000000e+02 1.4136994720e-01 7.9375176793e-03
3.8500000000e+02 1.4392529348e-01 7.6204936743e-03
3.8600000000e+02 1.4130742738e-01 7.6156137583e-03
3.8700000000e+02 1.3899024196e-01 6.4952086983e-03
3.8800000000e+02 1.3964672489e-01 6.9297992029e-03
3.8900000000e+02 1.3057083215e-01 7.3144454655e-03
3.9000000000e+02 1.3551206886e-01 8.6715579569e-03
3.9100000000e+02 1.3710507662e-01 8.5902590503e-03
3.9200000000e+02 1.3140008542e-01 8.5185523572e-03
3.9300000000e+02 1.5449053862e-01 8.6100089580e-03
3.9400000000e+02 1.5309000220e-01 8.3749939630e-03
3.9500000000e+02 1.5613605586e-01 7.9049202866e-03
3.9600000000e+02 1.4859000116e-01 7.4721736067e-03
3.9700000000e+02 1.4995456657e-01 7.7909198831e-03
3.9800000000e+02 1.4492572865e-01 7.5541767212e-03
3.9900000000e+02 1.4585126041e-01 7.7909478081e-03
4.0000000000e+02 1.3859882392e-01 6.7685665947e-03
4.0100000000e+02 1.3680553177e-01 7.2950603994e-03
4.0200000000e+02 1.3484535789e-01 7.1533303519e-03
4.0300000000e+02 1.3090733896e-01 7.3881443375e-03
4.0400000000e+02 1.2392577915e-01 6.3107293987e-03
4.0500000000e+02 1.3572188253e-01 6.1396264825e-03
4.0600000000e+02 1.3836507095e-01 6.9854403192e-03
4.0700000000e+02 1.3792600927e-01 7.0140918380e-03
4.0800000000e+02 1.4357134022e-01 6.8838856443e-03
4.0900000000e+02 1.4265867949e-01 6.6321164905e-03
4.1000000000e+02 1.4022361394e-01 7.1446055398e-03
4.1100000000e+02 1.3285323003e-01 6.5366250004e-03
4.1200000000e+02 1.3623266813e-01 6.4734845701e-03
4.1300000000e+02 1.3438228440e-01 6.7607090948e-03
4.1400000000e+02 1.3341408382e-01 6.7443992270e-03
4.1500000000e+02 1.2290794347e-01 6.1807323074e-03
4.1600000000e+02 1.2296930438e-01 7.0772074219e-03
4.1700000000e+02 1.3080457251e-01 6.8960833204e-03
4.1800000000e+02 1.3658575006e-01 6.6434169053e-03
4.1900000000e+02 1.3556670756e-01 6.4945015256e-03
4.2000000000e+02 1.3291115963e-01 6.4550124768e-03
4.2100000000e+02 1.3387779255e-01 6.2100959033e-03
4.2200000000e+02 1.3456141189e-01 6.3844189235e-03
4.2300000000e+02 1.3770681585e-01 6.9004291128e-03
4.2400000000e+02 1.3905114391e-01 6.6285118463e-03
4.2500000000e+02 1.4349644842e-01 7.1268533484e-03
4.2600000000e+02 1.2728829986e-01 7.4298080912e-03
4.2700000000e+02 1.3319922103e-01 7.2524590522e-03
4.2800000000e+02 1.3116832300e-01 6.6418787203e-03
4.2900000000e+02 1.3208180825e-01 6.4995357052e-03
4.3000000000e+02 1.3050295797e-01 6.5730659118e-03
4.3100000000e+02 1.3143464588e-01 7.2212515826e-03
4.3200000000e+02 1.3726305080e-01 7.4195940503e-03
4.3300000000e+02 1.3480976937e-01 7.1811520006e-03
4.3400000000e+02 1.2902786373e-01 6.1163961853e-03
4.3500000000e+02 1.2996488015e-01 6.0875210036e-03
4.3600000000e+02 1.1846694316e-01 6.4314396355e-03
4.3700000000e+02 1.2534140161e-01 7.5186796995e-03
4.3800000000e+02 1.3645725372e-01 7.3884569919e-03
4.3900000000e+02 1.3463165642e-01 7.0369514368e-03
4.4000000000e+02 1.3662521541e-01 6.7910444187e-03
4.4100000000e+02 1.4286837935e-01 7.3829080082e-03
4.4200000000e+02 1.4085072975e-01 7.2730166320e-03
4.4300000000e+02 1.3737799243e-01 7.4549904487e-03
4.4400000000e+02 1.3539377344e-01 6.8039890664e-03
4.4500000000e+02 1.3761795052e-01 6.8289479831e-03
4.4600000000e+02 1.3932578398e-01 6.7895742805e-03
4.4700000000e+02 1.3812223615e-01 6.8575919823e-03
4.4800000000e+02 1.3335370063e-01 6.7576404466e-03
4.4900000000e+02 1.3263659888e-01 6.7863619698e-03
4.5000000000e+02 1.3797523070e-01 7.4830130819e-03
4.5100000000e+02 1.4018943998e-01 7.5913030715e-03
4.5200000000e+02 1.3599073615e-01 7.0662293085e-03
4.5300000000e+02 1.2918079542e-01 7.7516223302e-03
4.5400000000e+02 1.3208050283e-01 7.5570767264e-03
4.5500000000e+02 1.3390607112e-01 7.6459642205e-03
4.5600000000e+02 1.3610681293e-01 7.5930957292e-03
4.5700000000e+02 1.3080336158e-01 7.2474477371e-03
4.5800000000e+02 1.2965629359e-01 7.1543723732e-03
4.5900000000e+02 1.2484065961e-01 6.8129093118e-03
4.6000000000e+02 1.2987152276e-01 7.5453684818e-03
4.6100000000e+02 1.3573222697e-01 7.6359795845e-03
4.6200000000e+02 1.1891440302e-01 6.6046749863e-03
4.6300000000e+02 1.2129610227e-01 6.2549695157e-03
4.6400000000e+02 1.3330180189e-01 6.0414736354e-03
4.6500000000e+02 1.3925491482e-01 6.3905844959e-03
4.6600000000e+02 1.3768400631e-01 6.1692053972e-03
4.6700000000e+02 1.2711805003e-01 6.6472827262e-03
4.6800000000e+02 1.2528619826e-01 7.5096771235e-03
4.6900000000e+02 1.2406024275e-01 7.0943577153e-03
4.7000000000e+02 1.3422477723e-01 6.9963669252e-03
4.7100000000e+02 1.2940327452e-01 6.0802979568e-03
4.7200000000e+02 1.2855772159e-01 6.6136409957e-03
4.7300000000e+02 1.2365275469e-01 6.9136641039e-03
4.7400000000e+02 1.3004883660e-01 8.1641242299e-03
4.7500000000e+02 1.2597914704e-01 6.7531420670e-03
4.7600000000e+02 1.1999464469e-01 6.3578161664e-03
4.7700000000e+02 1.2657037922e-01 6.4513811631e-03
4.7800000000e+02 1.2869832596e-01 6.4940395960e-03
4.7900000000e+02 1.2886888597e-01 6.5172249537e-03
4.8000000000e+02 1.3283333869e-01 7.0522696117e-03
4.8100000000e+02 1.3120505627e-01 6.9672184705e-03
4.8200000000e+02 1.2813344734e-01 6.8783142435e-03
4.8300000000e+02 1.2072194162e-01 6.7266452494e-03
4.8400000000e+02 1.3572586948e-01 6.5917722425e-03
4.8500000000e+02 1.3335590984e-01 7.0408326855e-03
4.8600000000e+02 1.4463755677e-01 7.3446761057e-03
4.8700000000e+02 1.3952901477e-01 7.6452371236e-03
4.8800000000e+02 1.3485936802e-01 7.7635238942e-03
4.8900000000e+02 1.2870824952e-01 7.1442586444e-03
4.9000000000e+02 1.2600862737e-01 6.7320373692e-03
4.9100000000e+02 1.3109567025e-01 7.4147771668e-03
4.9200000000e+02 1.3356247708e-01 7.1311300420e-03
4.9300000000e+02 1.3130891056e-01 7.2564670941e-03
4.9400000000e+02 1.2957014997e-01 7.1899323539e-03
4.9500000000e+02 1.3428879738e-01 6.6252671597e-03
4.9600000000e+02 1.3546778764e-01 7.5359004954e-03
4.9700000000e+02 1.3169413783e-01 7.7222009252e-03
4.9800000000e+02 1.2817833235e-01 7.3569181993e-03
4.9900000000e+02 1.2106642380e-01 6.7565949406e-03
5.0000000000e+02 1.2636625996e-01 7.0624672733e-03
5.0100000000e+02 1.3592485027e-01 7.0832414766e-03
5.0200000000e+02 1.3407471748e-01 6.6947539014e-03
5.0300000000e+02 1.3211583722e-01 6.1146019915e-03
5.0400000000e+02 1.2654401688e-01 6.3313776264e-03
5.0500000000e+02 1.2013603981e-01 6.3263429859e-03
5.0600000000e+02 1.1532475386e-01 6.6995365572e-03
5.0700000000e+02 1.1771292853e-01 6.4196698556e-03
5.0800000000e+02 1.2027210415e-01 7.2570563785e-03
5.0900000000e+02 1.3093859076e-01 7.4302359635e-03
5.1000000000e+02 1.3483461410e-01 7.7988087329e-03
5.1100000000e+02 1.3575597728e-01 7.8996490818e-03
5.1200000000e+02 1.3218963364e-01 7.2418748138e-03
5.1300000000e+02 1.3073382894e-01 7.1067806100e-03
5.1400000000e+02 1.2949139164e-01 6.7827592530e-03
5.1500000000e+02 1.3074593692e-01 6.6468229726e-03
5.1600000000e+02 1.2350269923e-01 7.0243572421e-03
5.1700000000e+02 1.2528371643e-01 7.0778129699e-03
5.1800000000e+02 1.2789758466e-01 7.1966134603e-03
5.1900000000e+02 1.3343660055e-01 7.2646039299e-03
5.2000000000e+02 1.3751047656e-01 6.9867393400e-03
5.2100000000e+02 1.2946872850e-01 7.3528211237e-03
5.2200000000e+02 1.2423509696e-01 7.0711682318e-03
5.2300000000e+02 1.2538423169e-01 6.9141912088e-03
5.2400000000e+02 1.3264450227e-01 6.9604419511e-03
5.2500000000e+02 1.3488501849e-01 6.9294370324e-03
5.2600000000e+02 1.3142148368e-01 6.8612395013e-03
5.2700000000e+02 1.3095360252e-01 6.5882276632e-03
5.2800000000e+02 1.2987301071e-01 6.8671645110e-03
5.2900000000e+02 1.2928082636e-01 6.7537888274e-03
5.3000000000e+02 1.2586064011e-01 6.4553506831e-03
5.3100000000e+02 1.2648247934e-01 6.2947522741e-03
5.3200000000e+02 1.3397035473e-01 6.2278186881e-03
5.3300000000e+02 1.3426619146e-01 6.0262790246e-03
5.3400000000e+02 1.3417305086e-01 6.2475964121e-03
5.3500000000e+02 1.2924496392e-01 6.5231170367e-03
5.3600000000e+02 1.2916590687e-01 7.0595969312e-03
5.3700000000e+02 1.3188870343e-01 6.4816506676e-03
5.3800000000e+02 1.2933607725e-01 6.7492739057e-03
5.3900000000e+02 1.2824543939e-01 6.6673537477e-03
5.4000000000e+02 1.2498744493e-01 7.2343336894e-03
5.4100000000e+02 1.2396912787e-01 7.4184640486e-03
5.4200000000e+02 1.2430441310e-01 6.7456196371e-03
5.4300000000e+02 1.3355158160e-01 7.0861714365e-03
5.4400000000e+02 1.2972859255e-01 7.1395070316e-03
5.4500000000e+02 1.3066873976e-01 6.8398088972e-03
5.4600000000e+02 1.2762211877e-01 7.2203007405e-03
5.4700000000e+02 1.2298139859e-01 7.1696048730e-03
5.4800000000e+02 1.2090426702e-01 6.7246563064e-03
5.4900000000e+02 1.2483655268e-01 6.1085679998e-03
5.5000000000e+02 1.2359567119e-01 6.8867456995e-03
5.5100000000e+02 1.2497886860e-01 6.2420446929e-03
5.5200000000e+02 1.2682811558e-01 5.7572372140e-03
5.5300000000e+02 1.2330386629e-01 6.3001379654e-03
5.5400000000e+02 1.2380523885e-01 6.4620706363e-03
5.5500000000e+02 1.2690283386e-01 6.6404715161e-03
5.5600000000e+02 1.2875685930e-01 6.5867431590e-03
5.5700000000e+02 1.2630361532e-01 6.0930084171e-03
5.5800000000e+02 1.2479570917e-01 6.1519447995e-03
5.5900000000e+02 1.1842889151e-01 6.1441859927e-03
5.6000000000e+02 1.2610266623e-01 6.8774606188e-03
5.6100000000e+02 1.2541308070e-01 6.6615907940e-03
5.6200000000e+02 1.2542057781e-01 6.6187060365e-03
5.6300000000e+02 1.2971344773e-01 7.0216667952e-03
5.6400000000e+02 1.2298127410e-01 6.4634555811e-03
5.6500000000e+02 1.2621361849e-01 6.2872844425e-03
5.6600000000e+02 1.2975804104e-01 6.6729046621e-03
5.6700000000e+02 1.2285455493e-01 6.3656532757e-03
5.6800000000e+02 1.2012248462e-01 6.6821293946e-03
5.6900000000e+02 1.2745530174e-01 5.8451592315e-03
5.7000000000e+02 1.1877518644e-01 6.6022390984e-03
5.7100000000e+02 1.2455530652e-01 6.7136126093e-03
5.7200000000e+02 1.2879268261e-01 6.8141699891e-03
5.7300000000e+02 1.2575845246e-01 6.6888666382e-03
5.7400000000e+02 1.1752182692e-01 6.1114625531e-03
5.7500000000e+02 1.2137704060e-01 6.2250397938e-03
5.7600000000e+02 1.1539573107e-01 6.1021189142e-03
5.7700000000e+02 1.1272084684e-01 5.8079298361e-03
5.7800000000e+02 1.1836459849e-01 6.0844181600e-03
5.7900000000e+02 1.1903200080e-01 6.6338471670e-03
5.8000000000e+02 1.1634939991e-01 6.2427854838e-03
5.8100000000e+02 1.1805779181e-01 6.5896091421e-03
5.8200000000e+02 1.2191226708e-01 6.2234156923e-03
5.8300000000e+02 1.2002758051e-01 5.4455748254e-03
5.8400000000e+02 1.2035472807e-01 6.3125914514e-03
5.8500000000e+02 1.2483985060e-01 6.4816230580e-03
5.8600000000e+02 1.2397407519e-01 6.3544742857e-03
5.8700000000e+02 1.2988160284e-01 6.8430760978e-03
5.8800000000e+02 1.2879194416e-01 6.6892818896e-03
5.8900000000e+02 1.2764249561e-01 6.4238313979e-03
5.9000000000e+02 1.3079080018e-01 6.5865511010e-03
5.9100000000e+02 1.3029105426e-01 6.8496117516e-03
5.9200000000e+02 1.2312399814e-01 6.6988058107e-03
5.9300000000e+02 1.2556991628e-01 7.1630228944e-03
5.9400000000e+02 1.1844398355e-01 6.2118564074e-03
5.9500000000e+02 1.2476849477e-01 6.1379375910e-03
5.9600000000e+02 1.2733067872e-01 6.6572263547e-03
5.9700000000e+02 1.2618434346e-01 6.7076130426e-03
5.9800000000e+02 1.2414985092e-01 6.2362016220e-03
5.9900000000e+02 1.1911606234e-01 6.3653248316e-03
6.0000000000e+02 1.1642890258e-01 6.6082770858e-03
6.0100000000e+02 1.1799659049e-01 6.6014031277e-03
6.0200000000e+02 1.1683756069e-01 6.2745947387e-03
6.0300000000e+02 1.1977742728e-01 6.4429393450e-03
6.0400000000e+02 1.2148440985e-01 6.8940577820e-03
6.0500000000e+02 1.2724448878e-01 6.2089552667e-03
6.0600000000e+02 1.2721630279e-01 6.8303841679e-03
6.0700000000e+02 1.3700271868e-01 5.8527980994e-03
6.0800000000e+02 1.3101912048e-01 5.8237903295e-03
6.0900000000e+02 1.2720752889e-01 7.0635552262e-03
6.1000000000e+02 1.2512957221e-01 6.4693253343e-03
6.1100000000e+02 1.2602120879e-01 6.4819536659e-03
6.1200000000e+02 1.2303845071e-01 6.7893088603e-03
6.1300000000e+02 1.2059295060e-01 6.1442758116e-03
6.1400000000e+02 1.1534400627e-01 5.9562853441e-03
6.1500000000e+02 1.1409160968e-01 5.7681962432e-03
6.1600000000e+02 1.1643154883e-01 6.1138628894e-03
6.1700000000e+02 1.1283008681e-01 5.4267636862e-03
6.1800000000e+02 1.1489119057e-01 6.2640253978e-03
6.1900000000e+02 1.1702363102e-01 6.0555055889e-03
6.2000000000e+02 1.1612159374e-01 6.0435370157e-03
6.2100000000e+02 1.1542678008e-01 6.3398023786e-03
6.2200000000e+02 1.0947593431e-01 6.3733537212e-03
6.2300000000e+02 1.1155558206e-01 5.9105114066e-03
6.2400000000e+02 1.1297349624e-01 5.7115547192e-03
6.2500000000e+02 1.1482922740e-01 5.8690946078e-03
6.2600000000e+02 1.1785199949e-01 6.3892234250e-03
6.2700000000e+02 1.2092945446e-01 6.5194407778e-03
6.2800000000e+02 1.2377984841e-01 6.2569662815e-03
6.2900000000e+02 1.2556460578e-01 6.1852144222e-03
6.3000000000e+02 1.2356880318e-01 6.5713064805e-03
6.3100000000e+02 1.1999248399e-01 6.6064231233e-03
6.3200000000e+02 1.0832270993e-01 6.0357454309e-03
6.3300000000e+02 1.1335348984e-01 5.9177233692e-03
6.3400000000e+02 1.1073919524e-01 5.8139770378e-03
6.3500000000e+02 1.1917430563e-01 5.8500385340e-03
6.3600000000e+02 1.1813726111e-01 5.9626670878e-03
6.3700000000e+02 1.2535131258e-01 6.0847518311e-03
6.3800000000e+02 1.2431152332e-01 5.8725386422e-03
6.3900000000e+02 1.2281957404e-01 5.8833804869e-03
6.4000000000e+02 1.2003735571e-01 5.8287374953e-03
6.4100000000e+02 1.1315371297e-01 5.5172413476e-03
6.4200000000e+02 1.1868335691e-01 6.3556922371e-03
6.4300000000e+02 1.1752931448e-01 6.7357322278e-03
6.4400000000e+02 1.2547325994e-01 6.5258283158e-03
6.4500000000e+02 1.3237442380e-01 7.0257926849e-03
6.4600000000e+02 1.2273709795e-01 6.8877631092e-03
6.4700000000e+02 1.1771436690e-01 6.0054474454e-03
6.4800000000e+02 1.1728514047e-01 6.6864129815e-03
6.4900000000e+02 1.1001117296e-01 6.3715119190e-03
6.5000000000e+02 1.1568404533e-01 5.6533241153e-03
6.5100000000e+02 1.1736955126e-01 5.7356393738e-03
6.5200000000e+02 1.2106878634e-01 6.2547320212e-03
6.5300000000e+02 1.1898879600e-01 6.3965713128e-03
6.5400000000e+02 1.1661577134e-01 6.0744790872e-03
6.5500000000e+02 1.1875921581e-01 6.2370554548e-03
6.5600000000e+02 1.1973889168e-01 6.4118109773e-03
6.5700000000e+02 1.2183228218e-01 6.8582128691e-03
6.5800000000e+02 1.2012168562e-01 6.4383412306e-03
6.5900000000e+02 1.2723767235e-01 6.3005268554e-03
6.6000000000e+02 1.2172471926e-01 6.5421169217e-03
6.6100000000e+02 1.1441958110e-01 6.6518940240e-03
6.6200000000e+02 1.1097048626e-01 6.7439741826e-03
6.6300000000e+02 1.1771791796e-01 6.0925536628e-03
6.6400000000e+02 1.1361279022e-01 5.9195830145e-03
6.6500000000e+02 1.1593830863e-01 6.2787797333e-03
6.6600000000e+02 1.1491956992e-01 6.4700280289e-03
6.6700000000e+02 1.2158444901e-01 5.8396274256e-03
6.6800000000e+02 1.1923962656e-01 6.0418029484e-03
6.6900000000e+02 1.1529493563e-01 5.7172439745e-03
6.7000000000e+02 1.1380322917e-01 6.1586008363e-03
6.7100000000e+02 1.1946051637e-01 6.5405074829e-03
6.7200000000e+02 1.2087113709e-01 6.5213027697e-03
6.7300000000e+02 1.3082128858e-01 6.0737578598e-03
6.7400000000e+02 1.2536041426e-01 5.5286661624e-03
6.7500000000e+02 1.0312950556e-01 5.1664192454e-03
6.7600000000e+02 1.0577480015e-01 5.5028120569e-03
6.7700000000e+02 1.1068554916e-01 5.5188450662e-03
6.7800000000e+02 1.1539504275e-01 6.1810905622e-03
6.7900000000e+02 1.1980996898e-01 6.8161014417e-03
6.8000000000e+02 1.1729430207e-01 6.7622721331e-03
6.8100000000e+02 1.1660783372e-01 6.6702878509e-03
6.8200000000e+02 1.1549308721e-01 6.6806308765e-03
6.8300000000e+02 1.1764678023e-01 6.8612990137e-03
6.8400000000e+02 1.1512245722e-01 6.6073122806e-03
6.8500000000e+02 1.1644451022e-01 6.6790923809e-03
6.8600000000e+02 1.1812290858e-01 6.9589084243e-03
6.8700000000e+02 1.1749981463e-01 7.3580497765e-03
6.8800000000e+02 1.2533716442e-01 7.4346628736e-03
6.8900000000e+02 1.1646280928e-01 7.2738984514e-03
6.9000000000e+02 1.1833800836e-01 6.4138329901e-03
6.9100000000e+02 1.2365440474e-01 6.0720803844e-03
6.9200000000e+02 1.2032508375e-01 6.4444812182e-03
6.9300000000e+02 1.1868773906e-01 5.7613474088e-03
6.9400000000e+02 1.1527181252e-01 5.7624612348e-03
6.9500000000e+02 1.1216974561e-01 5.6417085719e-03
6.9600000000e+02 1.0871999582e-01 5.4563126110e-03
6.9700000000e+02 1.1877426761e-01 5.9576026879e-03
6.9800000000e+02 1.2369208806e-01 5.7278885358e-03
6.9900000000e+02 1.2557354689e-01 6.0413770691e-03
7.0000000000e+02 1.2146334624e-01 6.1719225566e-03
7.0100000000e+02 1.2054150839e-01 5.9675928741e-03
7.0200000000e+02 1.1925615109e-01 6.0825556840e-03
7.0300000000e+02 1.1593831659e-01 6.7370444923e-03
7.0400000000e+02 1.2145341449e-01 6.4948848597e-03
7.0500000000e+02 1.2356969436e-01 6.7136545669e-03
7.0600000000e+02 1.2174255156e-01 7.1422970707e-03
7.0700000000e+02 1.1776230929e-01 7.3374219650e-03
7.0800000000e+02 1.2042940610e-01 7.6601993543e-03
7.0900000000e+02 1.3062293896e-01 6.9683050927e-03
7.1000000000e+02 1.3496000278e-01 6.4319934867e-03
7.1100000000e+02 1.2563915569e-01 6.3992822692e-03
7.1200000000e+02 1.2359824192e-01 6.6295921616e-03
7.1300000000e+02 1.2265443448e-01 6.7198636993e-03
7.1400000000e+02 1.2889642185e-01 6.5423278051e-03
7.1500000000e+02 1.1960338555e-01 5.9911795397e-03
7.1600000000e+02 1.1266196635e-01 6.1637577708e-03
7.1700000000e+02 1.2449738510e-01 6.3668710890e-03
7.1800000000e+02 1.2443038792e-01 7.0002473803e-03
7.1900000000e+02 1.1696458791e-01 6.6394009007e-03
7.2000000000e+02 1.1488943109e-01 6.3071212123e-03
7.2100000000e+02 1.2418176041e-01 6.4714168422e-03
7.2200000000e+02 1.1999305798e-01 6.2408727137e-03
7.2300000000e+02 1.2493866569e-01 6.4948364082e-03
7.2400000000e+02 1.2809667104e-01 6.9309439713e-03
7.2500000000e+02 1.2736722337e-01 6.3762376852e-03
7.2600000000e+02 1.2907796724e-01 6.4460516482e-03
7.2700000000e+02 1.2856413138e-01 5.9607242116e-03
7.2800000000e+02 1.2740333951e-01 6.0830557756e-03
7.2900000000e+02 1.2847043530e-01 6.3269625171e-03
7.3000000000e+02 1.2054221653e-01 6.4502839780e-03
7.3100000000e+02 1.2284071962e-01 5.9340900560e-03
7.3200000000e+02 1.2849277765e-01 6.4769156629e-03
7.3300000000e+02 1.2412153734e-01 6.4820484632e-03
7.3400000000e+02 1.1858994494e-01 6.3120357294e-03
7.3500000000e+02 1.1488276702e-01 5.8954047611e-03
7.3600000000e+02 1.1520307145e-01 6.0484876784e-03
7.3700000000e+02 1.2348948436e-01 6.5410757504e-03
7.3800000000e+02 1.1597857527e-01 6.2540663402e-03
7.3900000000e+02 1.1500292629e-01 6.0480400121e-03
7.4000000000e+02 1.2650563538e-01 6.3612624377e-03
7.4100000000e+02 1.2468352491e-01 5.9042865123e-03
7.4200000000e+02 1.1899469221e-01 5.8085999491e-03
7.4300000000e+02 1.1481179584e-01 5.8351945112e-03
7.4400000000e+02 1.1252433365e-01 6.0179572135e-03
7.4500000000e+02 1.1084926069e-01 5.9329361704e-03
7.4600000000e+02 1.0942034435e-01 5.7991827375e-03
7.4700000000e+02 1.0405579810e-01 5.7740482035e-03
7.4800000000e+02 1.0952268670e-01 5.8841892100e-03
7.4900000000e+02 1.1752143748e-01 6.4466935638e-03
7.5000000000e+02 1.2799306465e-01 6.3978049058e-03
7.5100000000e+02 1.3332268706e-01 6.7506207700e-03
7.5200000000e+02 1.3005306412e-01 6.8574477986e-03
7.5300000000e+02 1.2689172919e-01 6.5969229802e-03
7.5400000000e+02 1.1658110086e-01 7.0408488712e-03
7.5500000000e+02 1.1016962037e-01 6.3167073486e-03
7.5600000000e+02 1.0812744762e-01 5.7102461415e-03
7.5700000000e+02 1.0782752136e-01 5.6758943837e-03
7.5800000000e+02 1.0554017420e-01 5.8042297749e-03
7.5900000000e+02 1.1365793167e-01 5.9568645924e-03
7.6000000000e+02 1.1841514980e-01 6.4397585372e-03
7.6100000000e+02 1.2201007059e-01 6.1961124319e-03
7.6200000000e+02 1.3128316314e-01 5.8840518451e-03
7.6300000000e+02 1.3174708287e-01 6.1009742795e-03
7.6400000000e+02 1.2571389467e-01 5.9873890199e-03
7.6500000000e+02 1.1979599782e-01 5.7641398598e-03
7.6600000000e+02 1.1638261462e-01 5.5660709614e-03
7.6700000000e+02 1.1718984700e-01 5.8846120600e-03
7.6800000000e+02 1.1998195636e-01 5.9493549377e-03
7.6900000000e+02 1.2971087004e-01 5.9589406244e-03
7.7000000000e+02 1.2957585196e-01 6.5984175760e-03
7.7100000000e+02 1.3330980266e-01 6.8580701906e-03
7.7200000000e+02 1.2176839606e-01 7.2563314889e-03
7.7300000000e+02 1.2028410468e-01 6.5678356077e-03
7.7400000000e+02 1.1662094644e-01 6.6214981005e-03
7.7500000000e+02 1.1204261657e-01 6.3030363699e-03
7.7600000000e+02 1.1802432218e-01 6.1614253447e-03
7.7700000000e+02 1.1830189546e-01 5.4906121090e-03
7.7800000000e+02 1.1921020418e-01 5.5858574211e-03
7.7900000000e+02 1.1720482428e-01 6.0422445013e-03
7.8000000000e+02 1.0874580858e-01 5.8062856415e-03
7.8100000000e+02 1.1131792753e-01 5.5251489888e-03
7.8200000000e+02 1.1799142300e-01 5.5979553945e-03
7.8300000000e+02 1.2256543866e-01 6.4462582513e-03
7.8400000000e+02 1.1771463898e-01 6.5371849922e-03
7.8500000000e+02 1.1431901542e-01 6.2608955108e-03
7.8600000000e+02 1.0430376608e-01 5.4917276985e-03
7.8700000000e+02 9.4664054070e-02 5.3640702126e-03
7.8800000000e+02 9.3291091427e-02 5.2911921268e-03
7.8900000000e+02 1.0116574680e-01 5.2845225835e-03
7.9000000000e+02 1.0279384793e-01 6.0726594861e-03
7.9100000000e+02 1.1124097990e-01 5.9776466931e-03
7.9200000000e+02 1.1145629105e-01 5.6330949375e-03
7.9300000000e+02 1.0792594996e-01 5.6183049127e-03
7.9400000000e+02 1.0679162357e-01 5.4837938665e-03
7.9500000000e+02 1.1095770664e-01 6.1336425115e-03
7.9600000000e+02 1.1111637117e-01 6.8256435848e-03
7.9700000000e+02 1.1202057014e-01 6.5498163253e-03
7.9800000000e+02 1.0735447966e-01 5.8002084872e-03
7.9900000000e+02 1.0374653265e-01 5.6418225307e-03
8.0000000000e+02 1.0265595196e-01 6.1029170122e-03
8.0100000000e+02 1.1402865027e-01 5.9783607536e-03
8.0200000000e+02 1.1595560053e-01 5.5475285195e-03
8.0300000000e+02 1.1574782350e-01 6.4675251077e-03
8.0400000000e+02 1.1823192035e-01 6.5979012188e-03
8.0500000000e+02 1.1768305035e-01 6.6061420189e-03
8.0600000000e+02 1.2038676477e-01 6.5757329167e-03
8.0700000000e+02 1.1806443185e-01 6.3143823482e-03
8.0800000000e+02 1.1695208418e-01 6.4532032158e-03
8.0900000000e+02 1.2224586219e-01 6.1735488610e-03
8.1000000000e+02 1.1487413629e-01 6.3910848131e-03
8.1100000000e+02 1.1668928139e-01 5.6355328900e-03
8.1200000000e+02 1.1892226706e-01 5.3455348223e-03
8.1300000000e+02 1.1396728668e-01 6.0184055503e-03
8.1400000000e+02 1.1145835562e-01 6.0152822298e-03
8.1500000000e+02 1.1069304115e-01 5.9943446067e-03
8.1600000000e+02 1.0672335894e-01 5.8499864919e-03
8.1700000000e+02 1.1321279102e-01 5.3917135249e-03
8.1800000000e+02 1.1943918881e-01 6.7690022167e-03
8.1900000000e+02 1.2329529924e-01 6.1854259278e-03
8.2000000000e+02 1.1722832260e-01 5.9630119487e-03
8.2100000000e+02 1.1258696599e-01 5.5037060348e-03
8.2200000000e+02 1.0874333436e-01 5.1229878845e-03
8.2300000000e+02 1.0889286598e-01 5.2541200887e-03
8.2400000000e+02 1.0482303805e-01 5.3803040194e-03
8.2500000000e+02 1.0512021093e-01 5.0523620092e-03
8.2600000000e+02 1.0680696125e-01 5.3369361615e-03
8.2700000000e+02 1.0244411982e-01 5.3060746933e-03
8.2800000000e+02 1.0120462630e-01 6.0685722389e-03
8.2900000000e+02 1.0789643964e-01 5.9839665843e-03
8.3000000000e+02 1.0983044745e-01 5.6723684288e-03
8.3100000000e+02 1.0448774877e-01 5.7569430153e-03
8.3200000000e+02 1.0976952497e-01 5.9081297143e-03
8.3300000000e+02 1.1959780807e-01 6.2177244124e-03
8.3400000000e+02 1.1252926612e-01 6.2053915759e-03
8.3500000000e+02 1.1148958412e-01 5.5975592966e-03
8.3600000000e+02 1.1219645417e-01 5.2771245665e-03
8.3700000000e+02 1.0769411682e-01 5.4021936519e-03
8.3800000000e+02 1.1262800070e-01 4.8707433027e-03
8.3900000000e+02 1.1522964242e-01 5.4814964549e-03
8.4000000000e+02 1.1790597762e-01 6.2767144523e-03
8.4100000000e+02 1.1841073466e-01 5.8561743370e-03
8.4200000000e+02 1.1810406254e-01 6.3025266736e-03
8.4300000000e+02 1.1931438593e-01 6.3077445349e-03
8.4400000000e+02 1.1058492304e-01 6.4575415244e-03
8.4500000000e+02 1.1408483255e-01 5.8675437526e-03
8.4600000000e+02 1.1819857145e-01 5.6543623627e-03
8.4700000000e+02 1.2133413699e-01 5.5600188084e-03
8.4800000000e+02 1.1545765924e-01 6.2771500314e-03
8.4900000000e+02 1.2146790502e-01 6.2702879547e-03
8.5000000000e+02 1.1709287181e-01 6.1745520477e-03
8.5100000000e+02 1.1034242520e-01 6.4304054501e-03
8.5200000000e+02 1.1848415332e-01 6.6303684887e-03
8.5300000000e+02 1.2223533956e-01 6.8474735918e-03
8.5400000000e+02 1.2219303378e-01 7.3681121341e-03
8.5500000000e+02 1.2362764602e-01 6.5957861301e-03
8.5600000000e+02 1.1420681113e-01 6.0733875698e-03
8.5700000000e+02 1.0856496432e-01 6.2278829644e-03
8.5800000000e+02 1.1774489996e-01 6.8023255344e-03
8.5900000000e+02 1.1709947504e-01 7.1808398293e-03
8.6000000000e+02 1.2225802843e-01 6.5815757971e-03
8.6100000000e+02 1.2620471078e-01 6.3687082497e-03
8.6200000000e+02 1.2076591314e-01 6.7364952958e-03
8.6300000000e+02 1.1390578350e-01 7.3288242158e-03
8.6400000000e+02 1.1371633225e-01 7.3172905296e-03
8.6500000000e+02 1.2025174790e-01 6.9912048936e-03
8.6600000000e+02 1.1201877896e-01 6.4423809820e-03
8.6700000000e+02 1.0931406447e-01 6.3905927002e-03
8.6800000000e+02 1.1461845575e-01 6.3620068199e-03
8.6900000000e+02 1.1273495725e-01 5.5587397096e-03
8.7000000000e+02 1.0841155286e-01 5.7024197975e-03
8.7100000000e+02 1.0446378843e-01 5.7549393472e-03
8.7200000000e+02 1.0588949790e-01 5.1814376476e-03
8.7300000000e+02 1.0885172469e-01 5.5320595257e-03
8.7400000000e+02 1.1238870243e-01 5.7390198650e-03
8.7500000000e+02 1.1606728433e-01 5.8195080884e-03
8.7600000000e+02 1.1535514489e-01 5.6667096882e-03
8.7700000000e+02 1.1538041626e-01 5.8733532532e-03
8.7800000000e+02 1.1331242146e-01 6.0634103096e-03
8.7900000000e+02 1.1314180452e-01 5.9732781185e-03
8.8000000000e+02 1.1384072174e-01 5.6117298563e-03
8.8100000000e+02 1.1618533540e-01 6.0390378889e-03
8.8200000000e+02 1.1304748166e-01 5.8182199875e-03
8.8300000000e+02 1.0770865490e-01 6.1911927897e-03
8.8400000000e+02 1.1556619106e-01 6.1448180804e-03
8.8500000000e+02 1.1705097047e-01 6.3859232709e-03
8.8600000000e+02 1.0768574082e-01 5.4917875362e-03
8.8700000000e+02 1.1229702230e-01 5.9290805512e-03
8.8800000000e+02 1.1137082353e-01 5.9743051375e-03
8.8900000000e+02 1.0608331001e-01 6.4244301017e-03
8.9000000000e+02 1.0945758723e-01 6.6483406627e-03
8.9100000000e+02 1.0764497580e-01 6.1681888466e-03
8.9200000000e+02 1.0538571147e-01 5.6531384349e-03
8.9300000000e+02 1.1284037305e-01 5.8271418377e-03
8.9400000000e+02 1.0717495947e-01 5.3618281971e-03
8.9500000000e+02 1.0515463618e-01 5.2870651376e-03
8.9600000000e+02 1.0653542122e-01 5.2236626549e-03
8.9700000000e+02 1.0858397520e-01 5.1926116823e-03
8.9800000000e+02 9.9422867725e-02 5.4666504969e-03
8.9900000000e+02 9.6879892230e-02 4.9369181304e-03
9.0000000000e+02 1.0281570003e-01 5.0112099377e-03
9.0100000000e+02 1.0827173166e-01 5.7580300375e-03
9.0200000000e+02 1.0772787161e-01 5.9998773484e-03
9.0300000000e+02 1.0293636048e-01 5.8791388268e-03
9.0400000000e+02 9.8470165608e-02 6.2998434319e-03
9.0500000000e+02 9.9033183072e-02 5.8599777043e-03
9.0600000000e+02 1.0580675640e-01 5.9608630072e-03
9.0700000000e+02 1.1514137452e-01 7.0456722291e-03
9.0800000000e+02 1.1893323911e-01 6.3576461802e-03
9.0900000000e+02 1.0608091646e-01 5.4717181063e-03
9.1000000000e+02 9.8111135687e-02 5.8671623159e-03
9.1100000000e+02 1.0144306982e-01 6.6727743376e-03
9.1200000000e+02 1.0710800300e-01 6.4903441611e-03
9.1300000000e+02 1.0984277625e-01 5.5407706422e-03
9.1400000000e+02 1.1374212437e-01 5.6240316441e-03
9.1500000000e+02 1.0389591904e-01 5.9178301464e-03
9.1600000000e+02 1.1216865015e-01 5.5672987785e-03
9.1700000000e+02 1.0339544250e-01 6.1793031580e-03
9.1800000000e+02 1.0407680125e-01 6.0985655809e-03
9.1900000000e+02 1.0371381096e-01 6.2826925865e-03
9.2000000000e+02 1.0605760064e-01 5.8974750853e-03
9.2100000000e+02 1.0537367496e-01 6.6992516348e-03
9.2200000000e+02 9.7134605185e-02 5.7299564043e-03
9.2300000000e+02 1.0483671129e-01 5.3370733452e-03
9.2400000000e+02 1.0894240689e-01 5.7903315483e-03
9.2500000000e+02 1.0045554971e-01 5.7629064988e-03
9.2600000000e+02 1.0260596627e-01 5.6269677270e-03
9.2700000000e+02 1.0275519808e-01 5.5092713507e-03
9.2800000000e+02 1.0235097052e-01 5.1775623085e-03
9.2900000000e+02 9.7129790369e-02 5.3749626339e-03
9.3000000000e+02 1.0037225331e-01 4.6523026040e-03
9.3100000000e+02 1.0890572674e-01 5.4616155131e-03
9.3200000000e+02 1.0612073488e-01 5.8263875192e-03
9.3300000000e+02 1.1145862759e-01 6.1660047955e-03
9.3400000000e+02 1.1312588955e-01 5.0895528379e-03
9.3500000000e+02 1.1213936173e-01 5.4778646566e-03
9.3600000000e+02 1.0656226654e-01 5.7764485220e-03
9.3700000000e+02 1.0907765943e-01 5.4722093222e-03
9.3800000000e+02 1.0789592392e-01 5.5662523408e-03
9.3900000000e+02 1.1393477745e-01 5.7561319464e-03
9.4000000000e+02 1.0132706612e-01 5.5515382369e-03
9.4100000000e+02 9.7207225644e-02 5.1970873563e-03
9.4200000000e+02 9.8978353573e-02 4.7363594645e-03
9.4300000000e+02 9.9813695919e-02 4.8283544835e-03
9.4400000000e+02 1.0133941366e-01 5.2286682295e-03
9.4500000000e+02 9.5391028640e-02 5.0135455245e-03
9.4600000000e+02 1.0089118362e-01 5.5317285505e-03
9.4700000000e+02 1.0498325184e-01 5.3117552005e-03
9.4800000000e+02 1.1005002877e-01 5.0680569310e-03
9.4900000000e+02 1.1051882967e-01 5.3304373553e-03
9.5000000000e+02 1.1202730130e-01 4.9544668803e-03
9.5100000000e+02 1.0083545459e-01 4.9938170767e-03
9.5200000000e+02 1.0099902511e-01 5.2477949770e-03
9.5300000000e+02 9.6545685216e-02 5.3202182839e-03
9.5400000000e+02 9.8461092391e-02 5.4784442243e-03
9.5500000000e+02 1.0119666195e-01 5.6183604755e-03
9.5600000000e+02 1.0255007800e-01 5.1395301136e-03
9.5700000000e+02 1.1109870086e-01 4.6813974513e-03
9.5800000000e+02 1.0518218546e-01 5.3308844224e-03
9.5900000000e+02 1.0514193016e-01 5.1232870315e-03
9.6000000000e+02 1.0287586125e-01 4.8215419007e-03
9.6100000000e+02 1.0535275490e-01 5.2319121115e-03
9.6200000000e+02 9.9169932195e-02 5.4060515414e-03
9.6300000000e+02 1.0260802434e-01 5.4164832558e-03
9.6400000000e+02 1.1713853375e-01 5.6837852017e-03
9.6500000000e+02 1.1083547517e-01 5.6066365396e-03
9.6600000000e+02 1.0807952013e-01 5.8015937902e-03
9.6700000000e+02 1.0608734796e-01 5.3390387942e-03
9.6800000000e+02 1.0257910002e-01 5.2156516345e-03
9.6900000000e+02 1.0584615899e-01 5.3239986835e-03
9.7000000000e+02 1.0812639978e-01 6.0329813023e-03
9.7100000000e+02 1.0603138481e-01 5.9173822873e-03
9.7200000000e+02 9.9228999826e-02 5.7635118933e-03
9.7300000000e+02 1.0381339221e-01 5.3905287669e-03
9.7400000000e+02 1.0449955719e-01 6.0259131362e-03
9.7500000000e+02 1.0520161424e-01 5.6968680105e-03
9.7600000000e+02 1.0769995341e-01 5.8535477938e-03
9.7700000000e+02 1.1320879154e-01 5.8603950284e-03
9.7800000000e+02 1.0806557156e-01 6.0687111859e-03
9.7900000000e+02 1.0436875119e-01 5.4945275901e-03
9.8000000000e+02 1.0359568932e-01 5.2160570620e-03
9.8100000000e+02 1.0514936773e-01 5.7830819600e-03
9.8200000000e+02 1.0583317191e-01 5.4996033069e-03
9.8300000000e+02 1.0688734575e-01 5.4447504709e-03
9.8400000000e+02 1.0186152168e-01 5.0280660904e-03
9.8500000000e+02 1.0444918619e-01 5.3535406155e-03
9.8600000000e+02 1.1048790326e-01 4.9696680495e-03
9.8700000000e+02 1.0941675962e-01 5.0895359482e-03
9.8800000000e+02 1.0097901930e-01 5.7896676617e-03
9.8900000000e+02 1.0146888591e-01 5.2963380819e-03
9.9000000000e+02 1.0132607430e-01 5.3436109875e-03
9.9100000000e+02 1.1248891776e-01 6.1502756101e-03
9.9200000000e+02 1.1440190709e-01 6.2929779001e-03
9.9300000000e+02 1.1516259063e-01 6.3275258318e-03
9.9400000000e+02 1.0888592891e-01 6.2836184863e-03
9.9500000000e+02 1.0777702740e-01 6.1709097811e-03
9.9600000000e+02 1.0387177937e-01 5.3049299264e-03
9.9700000000e+02 1.0336631220e-01 5.1685458162e-03
9.9800000000e+02 1.0575340664e-01 5.3706498986e-03
9.9900000000e+02 1.1122571239e-01 6.1889748970e-03
