1.000000000000000000e+00
9.133570233424581630e-01
8.512539287797201704e-01
8.157092960854850361e-01
7.550904329993474162e-01
7.341224650462150336e-01
6.610775640458957936e-01
5.567716815937446828e-01
4.847679690224368509e-01
4.613088897641112740e-01
4.676838945209074727e-01
4.711886191021726344e-01
5.129980775676235005e-01
4.934042926849361299e-01
4.631838312813488789e-01
4.135689242560639522e-01
4.122969840627443427e-01
4.099124457621662332e-01
4.210023858839712640e-01
3.718309040756814232e-01
4.532597201187146263e-01
4.134692231063712420e-01
4.375750686963169045e-01
3.817511390607682964e-01
3.586135556785824408e-01
3.844898002458538855e-01
4.755367249500848104e-01
4.041727561585802819e-01
3.800057392096450326e-01
3.341964757367091865e-01
3.605711732028917815e-01
2.271577235513850823e-01
2.905351116003181411e-01
2.821802871187338857e-01
2.726380312159902286e-01
3.224494285578446418e-01
4.037138301562602782e-01
4.177589188644882379e-01
4.367428151658385715e-01
3.791973394686656840e-01
4.119595179421378650e-01
3.663569540441787842e-01
3.405184939253074750e-01
3.604455581909317696e-01
3.511311535475462042e-01
3.207339313244815804e-01
3.282678792559230452e-01
2.981128282864904389e-01
2.414138618294109639e-01
3.178539167079742489e-01
