0.000000000000000000e+00
9.847765185728192885e-03
1.606793120818959114e-02
1.561520376589661113e-02
2.277945890830469430e-02
2.965621384041366992e-02
3.793344465001217969e-02
4.099600144709985433e-02
4.237370977370309710e-02
2.973652420792519818e-02
3.003538000090813509e-02
3.217092344972023038e-02
2.929075647780304131e-02
2.598281377801739053e-02
2.582675813579580690e-02
4.198874444755056057e-02
3.776529004067369355e-02
3.903063611489727969e-02
3.793488906718905929e-02
3.749894337472090694e-02
3.590322528775161115e-02
4.178941628178252377e-02
4.325699136546675566e-02
4.081699849894415005e-02
3.836065223579926409e-02
3.482455837738440696e-02
2.703182752990928792e-02
2.497458511922418661e-02
1.931543325927639540e-02
1.917193744823895638e-02
1.577447339994075479e-02
1.875545444570113698e-02
2.376583800999982829e-02
3.318271677676846998e-02
3.200745737658255291e-02
3.440266732676370426e-02
3.436841332207964811e-02
3.483505334333968084e-02
2.810781832772647412e-02
3.063704549981923625e-02
3.296593758586490591e-02
3.405791460562325457e-02
3.761283086101886719e-02
3.865266746817828253e-02
4.153659493784123136e-02
3.968128617757179372e-02
3.670103128733533809e-02
3.813042160073063652e-02
2.744727791751844226e-02
3.579781199785254248e-02
