0.000000000000000000e+00
1.165527574731365680e-02
1.587180336447819098e-02
2.159040302370253059e-02
2.011044332631412371e-02
2.355758126219331325e-02
2.460659246986028614e-02
2.630555879370280459e-02
2.301190102770769852e-02
2.420680752735619376e-02
2.330943292362328001e-02
2.964108924148340860e-02
2.941383854634934195e-02
2.909717383603857219e-02
3.014586134475518570e-02
3.551934526253818641e-02
3.254942133332188597e-02
3.710473743154275167e-02
3.652778461313493236e-02
3.800905578431214293e-02
3.554608937212013625e-02
3.541092858926785797e-02
3.532135798492335582e-02
4.174824105267232327e-02
3.969464077413450975e-02
3.825199945295241349e-02
3.620457056497408677e-02
3.751560771197783029e-02
3.593032319988841844e-02
3.260907698623083384e-02
2.951815095816472459e-02
3.257687131135853648e-02
3.649669874971782357e-02
3.659402614389280217e-02
3.601730395932423168e-02
3.180744743079621378e-02
2.799565208754360712e-02
3.069957321771573863e-02
3.350624980213490200e-02
3.791347778113440120e-02
3.803209691343766019e-02
3.356700194358006734e-02
2.992401977444182279e-02
3.037789818746971723e-02
2.705192372083397440e-02
2.475367135814012659e-02
2.938778741797001826e-02
2.469493092743114959e-02
1.972806763325336485e-02
2.512710549925402728e-02
