1.000000000000000000e+00
6.307995262454889618e-01
5.442526667399141260e-01
3.501506792121383826e-01
3.448682210998595399e-01
3.769633617055446750e-01
4.512708836354137887e-01
4.478167070655262316e-01
4.975401192764904446e-01
3.901079875511375694e-01
3.367064524475285592e-01
3.260616069729830868e-01
4.736702294891026455e-01
3.957973398348551552e-01
2.857237795286859949e-01
3.351035481622731682e-01
2.956310693779139465e-01
3.630949067622202819e-01
2.328035635432613160e-01
2.122383770328495900e-01
2.441952944752772692e-01
2.356349931647721829e-01
2.062989687747090739e-01
2.104275278605984845e-01
2.358825680696303717e-01
3.664198803188033482e-01
3.221434817869876510e-01
2.974788573250167767e-01
2.685938849900138536e-01
2.835331396175094776e-01
2.546042506320448373e-01
2.485085730777004953e-01
2.196238361356436519e-01
2.643729080973831747e-01
2.658224247788728012e-01
3.149204533135132600e-01
2.902491952341548775e-01
2.284632038768055762e-01
2.347967254390916081e-01
3.011538883669954147e-01
2.817018885452159394e-01
1.913507277990316169e-01
2.419006183879902072e-01
2.407207504577013046e-01
2.807655114518660122e-01
3.253777087334184803e-01
2.625168626103476788e-01
2.595744070085068134e-01
3.106052115061230245e-01
3.002806133488274964e-01
