0.000000000000000000e+00
3.741955131087496000e-02
4.031941920363401460e-02
3.815520391239062697e-02
2.619724648192242947e-02
3.594130330715383792e-02
3.924466644946460192e-02
3.350184123175793671e-02
3.279077202176247652e-02
3.357095937470596508e-02
3.567394331062952173e-02
3.661014033022298719e-02
2.745235498162396440e-02
3.723301287862262193e-02
2.760536940201610556e-02
3.164598433726992233e-02
2.180209184064254083e-02
3.069133657054236644e-02
3.584771713151777006e-02
2.786265863105752416e-02
2.832224375321060542e-02
2.909990078846141914e-02
3.059445015551658792e-02
2.831401608441217257e-02
3.140513364474874225e-02
3.340812676725562341e-02
3.691578025417922154e-02
3.851891281779202397e-02
3.460134895180252274e-02
2.540098421670224788e-02
2.390603083716088748e-02
2.041304517254055942e-02
2.109030445927501107e-02
2.469147226781611554e-02
2.831827213394002424e-02
2.718176389425880704e-02
2.474083754005094657e-02
2.250293386627318787e-02
2.180644778942630868e-02
2.435746103659322537e-02
2.017962043279926745e-02
2.120093748639114220e-02
1.386704894754293461e-02
1.710240293472694434e-02
3.241278735457593652e-02
2.604067285018617228e-02
2.746590985611112312e-02
2.449213930408194670e-02
3.859730529400291765e-02
3.485679083747329765e-02
