# index  mean  stderr
0.0000000000e+00 1.0000000000e+00 0.0000000000e+00
1.0000000000e+00 9.1896670210e-01 1.8323014690e-03
2.0000000000e+00 7.4550343770e-01 4.5088612513e-03
3.0000000000e+00 5.7280533326e-01 6.0420327894e-03
4.0000000000e+00 4.7585291034e-01 5.9620656670e-03
5.0000000000e+00 4.4509596266e-01 6.4193183030e-03
6.0000000000e+00 4.6239030714e-01 8.8491359917e-03
7.0000000000e+00 4.9175717632e-01 1.0508183306e-02
8.0000000000e+00 5.1440865484e-01 9.8488151904e-03
9.0000000000e+00 5.1783072794e-01 9.1707397080e-03
1.0000000000e+01 5.0979398993e-01 9.7520778173e-03
1.1000000000e+01 4.9772999981e-01 1.0583611640e-02
1.2000000000e+01 4.9316963116e-01 1.0728808508e-02
1.3000000000e+01 4.9111830499e-01 1.1019290731e-02
1.4000000000e+01 4.9093253538e-01 1.1292527685e-02
1.5000000000e+01 4.8984117676e-01 1.0936446539e-02
1.6000000000e+01 4.8891585627e-01 1.0554066811e-02
1.7000000000e+01 4.8648266463e-01 9.9255644219e-03
1.8000000000e+01 4.8323141733e-01 9.2114756529e-03
1.9000000000e+01 4.7538147041e-01 9.8292409851e-03
2.0000000000e+01 4.6682721032e-01 1.0927065239e-02
2.1000000000e+01 4.6867958187e-01 1.1510306268e-02
2.2000000000e+01 4.7178588569e-01 1.1124974682e-02
2.3000000000e+01 4.7353045569e-01 1.0694569541e-02
2.4000000000e+01 4.6655816162e-01 1.0805605190e-02
2.5000000000e+01 4.5715502107e-01 1.1269826129e-02
2.6000000000e+01 4.4894404306e-01 1.1582329460e-02
2.7000000000e+01 4.4402329204e-01 1.2470697230e-02
2.8000000000e+01 4.3629608834e-01 1.2546118681e-02
2.9000000000e+01 4.3660877144e-01 1.2447085736e-02
3.0000000000e+01 4.4101251709e-01 1.2299504914e-02
3.1000000000e+01 4.4036029928e-01 1.1440391633e-02
3.2000000000e+01 4.3671671060e-01 1.0844722499e-02
3.3000000000e+01 4.3023540851e-01 1.0323182312e-02
3.4000000000e+01 4.2120089699e-01 1.0204222943e-02
3.5000000000e+01 4.1225119810e-01 9.8369950445e-03
3.6000000000e+01 4.0260619741e-01 1.0279473440e-02
3.7000000000e+01 3.9308365280e-01 1.1236397294e-02
3.8000000000e+01 3.9027026601e-01 1.1669005478e-02
3.9000000000e+01 3.8572664740e-01 1.1582418085e-02
4.0000000000e+01 3.7998947830e-01 1.1683097706e-02
4.1000000000e+01 3.7125089042e-01 1.1375466738e-02
4.2000000000e+01 3.6310731149e-01 1.1466757841e-02
4.3000000000e+01 3.6185727986e-01 1.1096911354e-02
4.4000000000e+01 3.5929740619e-01 1.1003424628e-02
4.5000000000e+01 3.5939544410e-01 1.0753450856e-02
4.6000000000e+01 3.5658387495e-01 1.0949188397e-02
4.7000000000e+01 3.5066238728e-01 1.1041507414e-02
4.8000000000e+01 3.4951881035e-01 1.0843459625e-02
4.9000000000e+01 3.4555483605e-01 1.0645809466e-02
5.0000000000e+01 3.4109272949e-01 1.0586631377e-02
5.1000000000e+01 3.3634293249e-01 1.0783828374e-02
5.2000000000e+01 3.3003510552e-01 1.1210016535e-02
5.3000000000e+01 3.2437854399e-01 1.1992293764e-02
5.4000000000e+01 3.2140278211e-01 1.1972031206e-02
5.5000000000e+01 3.2068469901e-01 1.1181132163e-02
5.6000000000e+01 3.1862213976e-01 1.0490077399e-02
5.7000000000e+01 3.1864212505e-01 1.0160880883e-02
5.8000000000e+01 3.1954478781e-01 1.0360177631e-02
5.9000000000e+01 3.1790823110e-01 1.0817553476e-02
6.0000000000e+01 3.1906385781e-01 1.1342393476e-02
6.1000000000e+01 3.2037458909e-01 1.1067635256e-02
6.2000000000e+01 3.2006085543e-01 1.0953597419e-02
6.3000000000e+01 3.1599667615e-01 1.1459561187e-02
6.4000000000e+01 3.0431549828e-01 1.1602591041e-02
6.5000000000e+01 2.9300447023e-01 1.1537202844e-02
6.6000000000e+01 2.8475682517e-01 1.1213641197e-02
6.7000000000e+01 2.8037826674e-01 1.1648039606e-02
6.8000000000e+01 2.8039184781e-01 1.2072181204e-02
6.9000000000e+01 2.8315887140e-01 1.2144696016e-02
7.0000000000e+01 2.8688260866e-01 1.1612064901e-02
7.1000000000e+01 2.8368739303e-01 1.0981138051e-02
7.2000000000e+01 2.7995404070e-01 1.0276036706e-02
7.3000000000e+01 2.8016446281e-01 1.0499186219e-02
7.4000000000e+01 2.8080491827e-01 1.0760546754e-02
7.5000000000e+01 2.8219357255e-01 1.1072356343e-02
7.6000000000e+01 2.8282082962e-01 1.1114852367e-02
7.7000000000e+01 2.7662147367e-01 1.1262065605e-02
7.8000000000e+01 2.7013198384e-01 1.0976877608e-02
7.9000000000e+01 2.6636469270e-01 1.0744481037e-02
8.0000000000e+01 2.6531305906e-01 1.0743179162e-02
8.1000000000e+01 2.6758318670e-01 1.0938974524e-02
8.2000000000e+01 2.6710350349e-01 1.1075800092e-02
8.3000000000e+01 2.6612828904e-01 1.0554492227e-02
8.4000000000e+01 2.6480154225e-01 9.8049926343e-03
8.5000000000e+01 2.6145396274e-01 9.3917800344e-03
8.6000000000e+01 2.5647798260e-01 9.6476499921e-03
8.7000000000e+01 2.5093211668e-01 1.0077806455e-02
8.8000000000e+01 2.4620331908e-01 1.0874263003e-02
8.9000000000e+01 2.4246142027e-01 1.1056603024e-02
9.0000000000e+01 2.3825507631e-01 1.0545262885e-02
9.1000000000e+01 2.3929503146e-01 9.9336296616e-03
9.2000000000e+01 2.4244542666e-01 1.0112470887e-02
9.3000000000e+01 2.4433809098e-01 1.0070637723e-02
9.4000000000e+01 2.4629749370e-01 9.9439759820e-03
9.5000000000e+01 2.4486211842e-01 9.8320614303e-03
9.6000000000e+01 2.3938849332e-01 9.5801675028e-03
9.7000000000e+01 2.3368651623e-01 9.5376448020e-03
9.8000000000e+01 2.2931539995e-01 9.2761019620e-03
9.9000000000e+01 2.1976975449e-01 9.2350822194e-03
1.0000000000e+02 2.1137122516e-01 9.6282395450e-03
1.0100000000e+02 2.0931919437e-01 9.2665687912e-03
1.0200000000e+02 2.1171963537e-01 9.3854523110e-03
1.0300000000e+02 2.1160955476e-01 9.3318423470e-03
1.0400000000e+02 2.1166811011e-01 8.9784436064e-03
1.0500000000e+02 2.1001840441e-01 9.1773748333e-03
1.0600000000e+02 2.0498510533e-01 9.5595896565e-03
1.0700000000e+02 1.9735201841e-01 9.7300746706e-03
1.0800000000e+02 1.9403724729e-01 9.3987631690e-03
1.0900000000e+02 1.9302386235e-01 9.1618881383e-03
1.1000000000e+02 1.9691061655e-01 9.0428444256e-03
1.1100000000e+02 1.9839956889e-01 8.4910375184e-03
1.1200000000e+02 1.9427961598e-01 8.1390908608e-03
1.1300000000e+02 1.9746260167e-01 8.8042952633e-03
1.1400000000e+02 2.0276875955e-01 8.6730645989e-03
1.1500000000e+02 2.0552218385e-01 8.6790514768e-03
1.1600000000e+02 2.0240966237e-01 8.8998885557e-03
1.1700000000e+02 1.9823443068e-01 8.9260959215e-03
1.1800000000e+02 1.9670902206e-01 8.4788695201e-03
1.1900000000e+02 1.9349154937e-01 8.0936081298e-03
1.2000000000e+02 1.9089198922e-01 7.9252430976e-03
1.2100000000e+02 1.8670702761e-01 7.6593211766e-03
1.2200000000e+02 1.8218961728e-01 7.8000374202e-03
1.2300000000e+02 1.7972158747e-01 8.1167676298e-03
1.2400000000e+02 1.7977046057e-01 8.3096267358e-03
1.2500000000e+02 1.8021102460e-01 8.2910140320e-03
1.2600000000e+02 1.8380996247e-01 7.7061193582e-03
1.2700000000e+02 1.8494371367e-01 7.3145823977e-03
1.2800000000e+02 1.8254612907e-01 7.9553515526e-03
1.2900000000e+02 1.7877448118e-01 8.6939418120e-03
1.3000000000e+02 1.7877465559e-01 8.9146729527e-03
1.3100000000e+02 1.7815333284e-01 9.0067033382e-03
1.3200000000e+02 1.7661691960e-01 8.6293846917e-03
1.3300000000e+02 1.7459252754e-01 8.3540399062e-03
1.3400000000e+02 1.7193870498e-01 8.2290620014e-03
1.3500000000e+02 1.7323005424e-01 8.2530696993e-03
1.3600000000e+02 1.7684778894e-01 8.2363317968e-03
1.3700000000e+02 1.7649375393e-01 8.5220659133e-03
1.3800000000e+02 1.7362911392e-01 8.6327741525e-03
1.3900000000e+02 1.7229778282e-01 8.3080250566e-03
1.4000000000e+02 1.7038400443e-01 7.9627458385e-03
1.4100000000e+02 1.6608632348e-01 7.5938898131e-03
1.4200000000e+02 1.6328254352e-01 7.4089620948e-03
1.4300000000e+02 1.6130530010e-01 7.3926812874e-03
1.4400000000e+02 1.5911704085e-01 7.4860940250e-03
1.4500000000e+02 1.5794178469e-01 7.5505289640e-03
1.4600000000e+02 1.5919399102e-01 7.3230540885e-03
1.4700000000e+02 1.6374849229e-01 6.7439377491e-03
1.4800000000e+02 1.6719065734e-01 7.0587661566e-03
1.4900000000e+02 1.6711009274e-01 7.6351318004e-03
1.5000000000e+02 1.6463745790e-01 7.7651024471e-03
1.5100000000e+02 1.6433118292e-01 7.7322680884e-03
1.5200000000e+02 1.6000012066e-01 7.5584866633e-03
1.5300000000e+02 1.5523598212e-01 7.2069143078e-03
1.5400000000e+02 1.5057606733e-01 6.9005137925e-03
1.5500000000e+02 1.5047507266e-01 6.7857121126e-03
1.5600000000e+02 1.5124430410e-01 6.7548287190e-03
1.5700000000e+02 1.5198900295e-01 6.6520517805e-03
1.5800000000e+02 1.5026958914e-01 7.1389071679e-03
1.5900000000e+02 1.4752044695e-01 7.0672881045e-03
1.6000000000e+02 1.5246485493e-01 6.7318165516e-03
1.6100000000e+02 1.5392458017e-01 6.6468818374e-03
1.6200000000e+02 1.5141987556e-01 7.0544457041e-03
1.6300000000e+02 1.4765065700e-01 6.6550537424e-03
1.6400000000e+02 1.4742843508e-01 6.4431025538e-03
1.6500000000e+02 1.4846398275e-01 6.7759240127e-03
1.6600000000e+02 1.5093559993e-01 7.2506684816e-03
1.6700000000e+02 1.4948537072e-01 6.9532122739e-03
1.6800000000e+02 1.4774460769e-01 6.7154707809e-03
1.6900000000e+02 1.4578790462e-01 6.4667361935e-03
1.7000000000e+02 1.4817997360e-01 6.6249367862e-03
1.7100000000e+02 1.4868744040e-01 6.8045032144e-03
1.7200000000e+02 1.4666633388e-01 7.1460094777e-03
1.7300000000e+02 1.4001301846e-01 7.2445715510e-03
1.7400000000e+02 1.3307784231e-01 7.1846949052e-03
1.7500000000e+02 1.3125572410e-01 7.0014000434e-03
1.7600000000e+02 1.3379054706e-01 6.7535380830e-03
1.7700000000e+02 1.3498339482e-01 6.9463261536e-03
1.7800000000e+02 1.3435953807e-01 6.7767863684e-03
1.7900000000e+02 1.3306752988e-01 6.9949593645e-03
1.8000000000e+02 1.3677910361e-01 6.8523296958e-03
1.8100000000e+02 1.3913750233e-01 6.8702098250e-03
1.8200000000e+02 1.3799316678e-01 6.7802218994e-03
1.8300000000e+02 1.3312166590e-01 6.9962993790e-03
1.8400000000e+02 1.3021801815e-01 7.0416639519e-03
1.8500000000e+02 1.2756526889e-01 7.2020900139e-03
1.8600000000e+02 1.2572417343e-01 7.0459544863e-03
1.8700000000e+02 1.2566455498e-01 6.8705822116e-03
1.8800000000e+02 1.2446224147e-01 6.5894758031e-03
1.8900000000e+02 1.2435913298e-01 6.4338437977e-03
1.9000000000e+02 1.2347373953e-01 6.6685974701e-03
1.9100000000e+02 1.2332834076e-01 6.5860017533e-03
1.9200000000e+02 1.2720331174e-01 6.4712797078e-03
1.9300000000e+02 1.2806885620e-01 6.7554705353e-03
1.9400000000e+02 1.2814440491e-01 6.9058702771e-03
1.9500000000e+02 1.2515976925e-01 6.8107647926e-03
1.9600000000e+02 1.2193981907e-01 6.6214837714e-03
1.9700000000e+02 1.1337713070e-01 6.4316993549e-03
1.9800000000e+02 1.0933832958e-01 6.3735697208e-03
1.9900000000e+02 1.1072994661e-01 6.0277430631e-03
2.0000000000e+02 1.1612273830e-01 6.1268481813e-03
2.0100000000e+02 1.1842498417e-01 6.4407448785e-03
2.0200000000e+02 1.2009643598e-01 6.5011415305e-03
2.0300000000e+02 1.2122520773e-01 6.0736155920e-03
2.0400000000e+02 1.2054989581e-01 5.7294560253e-03
2.0500000000e+02 1.1952556578e-01 6.0709369357e-03
2.0600000000e+02 1.2115695522e-01 6.2941547448e-03
2.0700000000e+02 1.2773918681e-01 6.7892130008e-03
2.0800000000e+02 1.2839347263e-01 7.2761028038e-03
2.0900000000e+02 1.2660908694e-01 7.2863216571e-03
2.1000000000e+02 1.2531046479e-01 6.9190094717e-03
2.1100000000e+02 1.2528604640e-01 6.7602338807e-03
2.1200000000e+02 1.2406446651e-01 6.5873579242e-03
2.1300000000e+02 1.1658823516e-01 6.7007832694e-03
2.1400000000e+02 1.1169311375e-01 6.6874959835e-03
2.1500000000e+02 1.1086156744e-01 6.1172303657e-03
2.1600000000e+02 1.1230891754e-01 6.0058993673e-03
2.1700000000e+02 1.1418614369e-01 6.0152258680e-03
2.1800000000e+02 1.2164929474e-01 6.0374903905e-03
2.1900000000e+02 1.2554204956e-01 6.2865021215e-03
2.2000000000e+02 1.2306030499e-01 6.1938518560e-03
2.2100000000e+02 1.1689602664e-01 6.0770757941e-03
2.2200000000e+02 1.1436962320e-01 6.0486405823e-03
2.2300000000e+02 1.1373574648e-01 5.8072949880e-03
2.2400000000e+02 1.1302393019e-01 5.7449124702e-03
2.2500000000e+02 1.1662816186e-01 5.9209889702e-03
2.2600000000e+02 1.2013286507e-01 5.9943302345e-03
2.2700000000e+02 1.2014682892e-01 6.1505654107e-03
2.2800000000e+02 1.1690791924e-01 6.3075064170e-03
2.2900000000e+02 1.1479189424e-01 6.2797040622e-03
2.3000000000e+02 1.1715725312e-01 5.5323122251e-03
2.3100000000e+02 1.1947667635e-01 4.7715688304e-03
2.3200000000e+02 1.2052556075e-01 5.0223342782e-03
2.3300000000e+02 1.1892828426e-01 5.6012711839e-03
2.3400000000e+02 1.1908055763e-01 6.0259282024e-03
2.3500000000e+02 1.1943244002e-01 6.1378804087e-03
2.3600000000e+02 1.1781462169e-01 6.0687009101e-03
2.3700000000e+02 1.1498311227e-01 6.2379093146e-03
2.3800000000e+02 1.1302136139e-01 5.9181969465e-03
2.3900000000e+02 1.1300988863e-01 5.4550097320e-03
2.4000000000e+02 1.1504462005e-01 5.3640137807e-03
2.4100000000e+02 1.1598820301e-01 5.6682229323e-03
2.4200000000e+02 1.1993131799e-01 6.1816718519e-03
2.4300000000e+02 1.2198895370e-01 6.3599965778e-03
2.4400000000e+02 1.2153109454e-01 5.8908053286e-03
2.4500000000e+02 1.1934291433e-01 5.6188469364e-03
2.4600000000e+02 1.1915005513e-01 5.7980676730e-03
2.4700000000e+02 1.1936636044e-01 6.1782315649e-03
2.4800000000e+02 1.1893963312e-01 6.3337523720e-03
2.4900000000e+02 1.1770684258e-01 6.3604917930e-03
2.5000000000e+02 1.1516098275e-01 6.0187869611e-03
2.5100000000e+02 1.1318925307e-01 5.7777676962e-03
2.5200000000e+02 1.1521504098e-01 5.5351096378e-03
2.5300000000e+02 1.1888772355e-01 5.5355389659e-03
2.5400000000e+02 1.2171067789e-01 5.7174093742e-03
2.5500000000e+02 1.2305836024e-01 6.1628316271e-03
2.5600000000e+02 1.1826762237e-01 5.8649047983e-03
2.5700000000e+02 1.1135335040e-01 5.9491439174e-03
2.5800000000e+02 1.1178576564e-01 5.7737333887e-03
2.5900000000e+02 1.1404875568e-01 5.9072073917e-03
2.6000000000e+02 1.1611452340e-01 5.9585606597e-03
2.6100000000e+02 1.1432954084e-01 5.8438300544e-03
2.6200000000e+02 1.1303389740e-01 5.8124721238e-03
2.6300000000e+02 1.0936140825e-01 5.7432801456e-03
2.6400000000e+02 1.0715899690e-01 5.4545003706e-03
2.6500000000e+02 1.0639589907e-01 5.2754686077e-03
2.6600000000e+02 1.0854851587e-01 5.3089937819e-03
2.6700000000e+02 1.1123472420e-01 5.2027865376e-03
2.6800000000e+02 1.1149348695e-01 5.0955595814e-03
2.6900000000e+02 1.0974135941e-01 4.9660225523e-03
2.7000000000e+02 1.0679140029e-01 4.9875279171e-03
2.7100000000e+02 1.0962245467e-01 5.0527209952e-03
2.7200000000e+02 1.1285690382e-01 5.5344588887e-03
2.7300000000e+02 1.1728356734e-01 5.7560722459e-03
2.7400000000e+02 1.1816872401e-01 6.1314232150e-03
2.7500000000e+02 1.1846395210e-01 6.2078180813e-03
2.7600000000e+02 1.1795719098e-01 5.7679045243e-03
2.7700000000e+02 1.1242110829e-01 5.8214593268e-03
2.7800000000e+02 1.0646228259e-01 6.1197714846e-03
2.7900000000e+02 1.0476876591e-01 5.9933852401e-03
2.8000000000e+02 1.0475328829e-01 5.8279319296e-03
2.8100000000e+02 1.0160718311e-01 5.8665201925e-03
2.8200000000e+02 1.0312379649e-01 5.3845628192e-03
2.8300000000e+02 1.0621777770e-01 5.1976162608e-03
2.8400000000e+02 1.0817437692e-01 5.0321970239e-03
2.8500000000e+02 1.0707341173e-01 4.9809382479e-03
2.8600000000e+02 1.0458104825e-01 5.1791686790e-03
2.8700000000e+02 1.0522038395e-01 5.4186954032e-03
2.8800000000e+02 1.0396888722e-01 5.6306097368e-03
2.8900000000e+02 1.0690376673e-01 5.6093142202e-03
2.9000000000e+02 1.0671879772e-01 5.7609744544e-03
2.9100000000e+02 1.0659973452e-01 5.6774391536e-03
2.9200000000e+02 1.0503317350e-01 5.6548424022e-03
2.9300000000e+02 9.9884647045e-02 5.6821297399e-03
2.9400000000e+02 9.9415810580e-02 5.5572515850e-03
2.9500000000e+02 1.0087443540e-01 5.5266940331e-03
2.9600000000e+02 1.0463991305e-01 5.5117930229e-03
2.9700000000e+02 1.0860362579e-01 5.2408633508e-03
2.9800000000e+02 1.1075231598e-01 5.1441321607e-03
2.9900000000e+02 1.1167624965e-01 5.1803222071e-03
3.0000000000e+02 1.0826613412e-01 5.2103500925e-03
3.0100000000e+02 1.0138639840e-01 5.4144838233e-03
3.0200000000e+02 9.5807227019e-02 4.9784057361e-03
3.0300000000e+02 9.4282101441e-02 4.5772185759e-03
3.0400000000e+02 9.5670879312e-02 5.0153199538e-03
3.0500000000e+02 9.8502951296e-02 5.2177619931e-03
3.0600000000e+02 1.0270000031e-01 5.2110885169e-03
3.0700000000e+02 1.0622207595e-01 5.4878020817e-03
3.0800000000e+02 1.0923179531e-01 5.9096398270e-03
3.0900000000e+02 1.0739614289e-01 6.3455610769e-03
3.1000000000e+02 1.0217170835e-01 5.9474297115e-03
3.1100000000e+02 9.7031205544e-02 5.3321038538e-03
3.1200000000e+02 9.5479570882e-02 5.1467590267e-03
3.1300000000e+02 9.4758960896e-02 5.3975615821e-03
3.1400000000e+02 9.4499197792e-02 5.4317304162e-03
3.1500000000e+02 9.6476788738e-02 5.4927842222e-03
3.1600000000e+02 9.7431455571e-02 5.5080028609e-03
3.1700000000e+02 9.8255072707e-02 5.6588112576e-03
3.1800000000e+02 1.0078518452e-01 5.4211299911e-03
3.1900000000e+02 9.8941931734e-02 5.2120896039e-03
3.2000000000e+02 9.5162317564e-02 4.9771733190e-03
3.2100000000e+02 9.3894706109e-02 4.8218287812e-03
3.2200000000e+02 9.4671979292e-02 4.9558624366e-03
3.2300000000e+02 9.8528866115e-02 5.0540611430e-03
3.2400000000e+02 9.8879111556e-02 4.8579165340e-03
3.2500000000e+02 9.8786113056e-02 4.7057357182e-03
3.2600000000e+02 9.8572839013e-02 4.7415014926e-03
3.2700000000e+02 9.9886042352e-02 5.0918714073e-03
3.2800000000e+02 9.9683794026e-02 5.4505315040e-03
3.2900000000e+02 9.7210568791e-02 5.5712438987e-03
3.3000000000e+02 9.7296631073e-02 5.1754669277e-03
3.3100000000e+02 9.5317642959e-02 4.8747024451e-03
3.3200000000e+02 9.3468261146e-02 4.9304951615e-03
3.3300000000e+02 9.2999128928e-02 5.0066338874e-03
3.3400000000e+02 9.0574458958e-02 4.9260431612e-03
3.3500000000e+02 9.0224546251e-02 4.7131284376e-03
3.3600000000e+02 8.9588402790e-02 4.9159066037e-03
3.3700000000e+02 8.9265790067e-02 5.1360590726e-03
3.3800000000e+02 9.0327896050e-02 5.2719825633e-03
3.3900000000e+02 9.2531599957e-02 5.0390639186e-03
3.4000000000e+02 9.6653641217e-02 4.7964087193e-03
3.4100000000e+02 9.9264769486e-02 4.6983899930e-03
3.4200000000e+02 1.0165796928e-01 4.9190665696e-03
3.4300000000e+02 1.0163196613e-01 5.0258636717e-03
3.4400000000e+02 1.0304279398e-01 4.8367425965e-03
3.4500000000e+02 1.0364398237e-01 4.9053173993e-03
3.4600000000e+02 1.0278995560e-01 4.9039383182e-03
3.4700000000e+02 1.0086987526e-01 4.9187791900e-03
3.4800000000e+02 9.7863920236e-02 5.1295441157e-03
3.4900000000e+02 9.7588692684e-02 5.0597050276e-03
3.5000000000e+02 9.8590579514e-02 5.1618663413e-03
3.5100000000e+02 9.7684120040e-02 4.8849616996e-03
3.5200000000e+02 9.2263143514e-02 4.6699220428e-03
3.5300000000e+02 8.8432340755e-02 4.3010783638e-03
3.5400000000e+02 8.6257930771e-02 4.5002544819e-03
3.5500000000e+02 8.5577300131e-02 4.7578784092e-03
3.5600000000e+02 8.9024268513e-02 4.8277164094e-03
3.5700000000e+02 9.2459828177e-02 4.5158605340e-03
3.5800000000e+02 9.2603738867e-02 4.6337378149e-03
3.5900000000e+02 9.4856785191e-02 4.6586491424e-03
3.6000000000e+02 9.7261089997e-02 4.8207067829e-03
3.6100000000e+02 9.4059260320e-02 4.8043852318e-03
3.6200000000e+02 9.3241625548e-02 4.7459456053e-03
3.6300000000e+02 9.2733312167e-02 4.6170021108e-03
3.6400000000e+02 9.4457924658e-02 4.6590411044e-03
3.6500000000e+02 9.3360264551e-02 4.7728749021e-03
3.6600000000e+02 9.4864392750e-02 4.6498354185e-03
3.6700000000e+02 9.6161692348e-02 4.7427555104e-03
3.6800000000e+02 9.7471926166e-02 4.8259082450e-03
3.6900000000e+02 9.6996293284e-02 4.9113625890e-03
3.7000000000e+02 9.4826793707e-02 5.2360821825e-03
3.7100000000e+02 9.4279966951e-02 5.4768213699e-03
3.7200000000e+02 9.2362188185e-02 5.2932875600e-03
3.7300000000e+02 9.2766252296e-02 4.5435592364e-03
3.7400000000e+02 9.2813332309e-02 4.5803627225e-03
3.7500000000e+02 9.2496194626e-02 5.1255703738e-03
3.7600000000e+02 9.1964270371e-02 5.3062818483e-03
3.7700000000e+02 9.0040414819e-02 5.1923968924e-03
3.7800000000e+02 9.1477482576e-02 4.9721827472e-03
3.7900000000e+02 9.3579902991e-02 5.1731327988e-03
3.8000000000e+02 9.0801565511e-02 5.3479490274e-03
3.8100000000e+02 8.8754741582e-02 5.5499606868e-03
3.8200000000e+02 8.8506935259e-02 5.6855046201e-03
3.8300000000e+02 9.0544662958e-02 5.7889155596e-03
3.8400000000e+02 9.3226963357e-02 5.6124289685e-03
3.8500000000e+02 9.2005243483e-02 5.4756312040e-03
3.8600000000e+02 9.1153265162e-02 5.0259909358e-03
3.8700000000e+02 9.1984164422e-02 4.9453927618e-03
3.8800000000e+02 9.3942116678e-02 4.9604361045e-03
3.8900000000e+02 9.6460181937e-02 4.8446949050e-03
3.9000000000e+02 9.6080618578e-02 4.7229452933e-03
3.9100000000e+02 9.4059840194e-02 4.8506206344e-03
3.9200000000e+02 9.4505271210e-02 4.9539175481e-03
3.9300000000e+02 9.7883949839e-02 4.9307228628e-03
3.9400000000e+02 1.0031447827e-01 4.8547272828e-03
3.9500000000e+02 1.0016516512e-01 4.5499124933e-03
3.9600000000e+02 1.0058499565e-01 4.6474941630e-03
3.9700000000e+02 9.9355894707e-02 4.8405518176e-03
3.9800000000e+02 9.5144829237e-02 5.2802964302e-03
3.9900000000e+02 9.0121957818e-02 5.1727091936e-03
4.0000000000e+02 9.1055295974e-02 4.3637524654e-03
4.0100000000e+02 9.1971112062e-02 4.5234441368e-03
4.0200000000e+02 9.3913907349e-02 4.5895785607e-03
4.0300000000e+02 9.4021969633e-02 4.6591547034e-03
4.0400000000e+02 9.1678020455e-02 4.4219839477e-03
4.0500000000e+02 8.9813183134e-02 4.4934932108e-03
4.0600000000e+02 9.0215011385e-02 4.4290092015e-03
4.0700000000e+02 9.2329237908e-02 4.7710778134e-03
4.0800000000e+02 9.2208791684e-02 5.2710589601e-03
4.0900000000e+02 9.3863180225e-02 4.9668519143e-03
4.1000000000e+02 9.3892582515e-02 4.8882265518e-03
4.1100000000e+02 9.3538624196e-02 4.7332780838e-03
4.1200000000e+02 9.3875523045e-02 5.0669552170e-03
4.1300000000e+02 9.1360754633e-02 4.8247412899e-03
4.1400000000e+02 9.0668515678e-02 4.9201001511e-03
4.1500000000e+02 9.4254610737e-02 5.0444902817e-03
4.1600000000e+02 9.8338895894e-02 5.1744308634e-03
4.1700000000e+02 9.5915772617e-02 4.9321362497e-03
4.1800000000e+02 9.3469949110e-02 4.4808284973e-03
4.1900000000e+02 8.8548548669e-02 4.4543258515e-03
4.2000000000e+02 8.4567308985e-02 4.5765810740e-03
4.2100000000e+02 8.3508222572e-02 4.5824307289e-03
4.2200000000e+02 8.3570519361e-02 4.4396281433e-03
4.2300000000e+02 8.5736381709e-02 4.7604838640e-03
4.2400000000e+02 8.8282187428e-02 4.9639950759e-03
4.2500000000e+02 9.1471739005e-02 4.8913748493e-03
4.2600000000e+02 9.2421907338e-02 4.9971594218e-03
4.2700000000e+02 9.3499882293e-02 5.0204094853e-03
4.2800000000e+02 9.1815415547e-02 5.1701097385e-03
4.2900000000e+02 8.9092092936e-02 5.3050591885e-03
4.3000000000e+02 8.9509272778e-02 4.8290465345e-03
4.3100000000e+02 9.0912594566e-02 4.6165689926e-03
4.3200000000e+02 9.0862480151e-02 4.2545946305e-03
4.3300000000e+02 9.0877886007e-02 3.9365005771e-03
4.3400000000e+02 8.8207541275e-02 4.1668647746e-03
4.3500000000e+02 8.7310543661e-02 4.5908652528e-03
4.3600000000e+02 8.9063933445e-02 4.9971520660e-03
4.3700000000e+02 9.1618123782e-02 5.1902181930e-03
4.3800000000e+02 9.4667643143e-02 4.8601342715e-03
4.3900000000e+02 9.2459964871e-02 4.8598713476e-03
4.4000000000e+02 9.0211697809e-02 4.6720750562e-03
4.4100000000e+02 8.9107508968e-02 4.3503258694e-03
4.4200000000e+02 8.7406818695e-02 4.0772846087e-03
4.4300000000e+02 8.7191307323e-02 4.2320685468e-03
4.4400000000e+02 8.7412437785e-02 4.3807879460e-03
4.4500000000e+02 8.4865625319e-02 4.4817062899e-03
4.4600000000e+02 8.5466284548e-02 4.5672528976e-03
4.4700000000e+02 8.6807531473e-02 4.8803874877e-03
4.4800000000e+02 8.7329187918e-02 4.6702018901e-03
4.4900000000e+02 8.9076974755e-02 4.5539000545e-03
4.5000000000e+02 9.2028463891e-02 4.5995989015e-03
4.5100000000e+02 9.1776938507e-02 4.7317295711e-03
4.5200000000e+02 9.1525804787e-02 4.9209653781e-03
4.5300000000e+02 9.0309821932e-02 4.9313618488e-03
4.5400000000e+02 8.9800249897e-02 4.5506360949e-03
4.5500000000e+02 8.7890394025e-02 4.2511826157e-03
4.5600000000e+02 8.7865358502e-02 4.3274324018e-03
4.5700000000e+02 8.7867027585e-02 4.2184154744e-03
4.5800000000e+02 8.7609964973e-02 4.3326584336e-03
4.5900000000e+02 8.7351216619e-02 4.5100800944e-03
4.6000000000e+02 8.8796247328e-02 4.4449043590e-03
4.6100000000e+02 8.7850895249e-02 4.3150971863e-03
4.6200000000e+02 8.6478391165e-02 4.1677600953e-03
4.6300000000e+02 8.3937303106e-02 4.4429783374e-03
4.6400000000e+02 8.0547045594e-02 4.7551753879e-03
4.6500000000e+02 8.1388601009e-02 4.8608714975e-03
4.6600000000e+02 8.1688864282e-02 5.0778896011e-03
4.6700000000e+02 8.1555246190e-02 4.9518732841e-03
4.6800000000e+02 8.0594119857e-02 4.7651728683e-03
4.6900000000e+02 8.2833266668e-02 4.8394732101e-03
4.7000000000e+02 8.6255769148e-02 5.0331362424e-03
4.7100000000e+02 9.0898519414e-02 5.0041658562e-03
4.7200000000e+02 9.2700171042e-02 4.7312689787e-03
4.7300000000e+02 9.3215136622e-02 4.4101506655e-03
4.7400000000e+02 8.8544213178e-02 4.3372483054e-03
4.7500000000e+02 8.7511709246e-02 4.2820921889e-03
4.7600000000e+02 8.6184114160e-02 4.3544752807e-03
4.7700000000e+02 8.8214601491e-02 4.7543693047e-03
4.7800000000e+02 9.0469308709e-02 4.9568668621e-03
4.7900000000e+02 8.9604883476e-02 4.6603362679e-03
4.8000000000e+02 8.6413065414e-02 4.7129893410e-03
4.8100000000e+02 8.3001456754e-02 4.7554490391e-03
4.8200000000e+02 8.1555820312e-02 4.6476185440e-03
4.8300000000e+02 8.2725243387e-02 4.3896966709e-03
4.8400000000e+02 8.3522058628e-02 4.3753980612e-03
4.8500000000e+02 8.5024669583e-02 4.2890661422e-03
4.8600000000e+02 8.7847944311e-02 4.2942011630e-03
4.8700000000e+02 8.8673624225e-02 4.4323234914e-03
4.8800000000e+02 8.8389491069e-02 4.5041173515e-03
4.8900000000e+02 8.6745956711e-02 4.6001321082e-03
4.9000000000e+02 8.7968564375e-02 4.3125675058e-03
4.9100000000e+02 8.8693596679e-02 4.2851595905e-03
4.9200000000e+02 8.9854178909e-02 4.4142923632e-03
4.9300000000e+02 9.0639734538e-02 4.6835440286e-03
4.9400000000e+02 8.9735856979e-02 4.5434767029e-03
4.9500000000e+02 8.9572077051e-02 4.7668650837e-03
4.9600000000e+02 8.7408776052e-02 4.7742873506e-03
4.9700000000e+02 8.6930307777e-02 4.6580031617e-03
4.9800000000e+02 8.8979850372e-02 4.5218655020e-03
4.9900000000e+02 8.9736555705e-02 4.4956041952e-03
5.0000000000e+02 8.7909547253e-02 4.6083882507e-03
5.0100000000e+02 8.3811365227e-02 4.8030965262e-03
5.0200000000e+02 8.1246665746e-02 4.6619249425e-03
5.0300000000e+02 8.0810848368e-02 4.8022365355e-03
5.0400000000e+02 8.0391470895e-02 4.8640858351e-03
5.0500000000e+02 8.1728505880e-02 4.9459537690e-03
5.0600000000e+02 8.5059290287e-02 5.0127290699e-03
5.0700000000e+02 8.8216701278e-02 5.0489267142e-03
5.0800000000e+02 8.6731614824e-02 4.8857452274e-03
5.0900000000e+02 8.7066485821e-02 4.4308667486e-03
5.1000000000e+02 8.5918729377e-02 4.0002873869e-03
5.1100000000e+02 8.2101622332e-02 3.8595556964e-03
5.1200000000e+02 8.0881539890e-02 3.8217208431e-03
5.1300000000e+02 8.2799602708e-02 3.7974672893e-03
5.1400000000e+02 8.3912905651e-02 3.9532790883e-03
5.1500000000e+02 8.3966543628e-02 4.2560182890e-03
5.1600000000e+02 8.0614898282e-02 4.7640084333e-03
5.1700000000e+02 8.2024176478e-02 5.1005186093e-03
5.1800000000e+02 8.7243698848e-02 5.2785878460e-03
5.1900000000e+02 9.1115887654e-02 5.6103164198e-03
5.2000000000e+02 9.0000064878e-02 5.1860780082e-03
5.2100000000e+02 8.5222134309e-02 4.6825832225e-03
5.2200000000e+02 8.1759148362e-02 4.3341330615e-03
5.2300000000e+02 8.3302518434e-02 4.3193999592e-03
5.2400000000e+02 8.6557859686e-02 4.7081768524e-03
5.2500000000e+02 8.7703377259e-02 4.8484731358e-03
5.2600000000e+02 8.4150358100e-02 4.9819922955e-03
5.2700000000e+02 8.2131782218e-02 5.2572939341e-03
5.2800000000e+02 8.4789132235e-02 5.1062390614e-03
5.2900000000e+02 8.6455490653e-02 4.5803779889e-03
5.3000000000e+02 8.3691470930e-02 4.3450194827e-03
5.3100000000e+02 8.2933626389e-02 4.3428849070e-03
5.3200000000e+02 8.2149769949e-02 4.2118679369e-03
5.3300000000e+02 7.8296797434e-02 4.3852753468e-03
5.3400000000e+02 7.7400797639e-02 4.3519736369e-03
5.3500000000e+02 8.2185878598e-02 4.3729888164e-03
5.3600000000e+02 8.4973041633e-02 4.2556990274e-03
5.3700000000e+02 8.4856407760e-02 4.6306185832e-03
5.3800000000e+02 8.5074912810e-02 4.6657045183e-03
5.3900000000e+02 8.4680440462e-02 4.1593476897e-03
5.4000000000e+02 8.4043601066e-02 4.1918862173e-03
5.4100000000e+02 8.5453720036e-02 3.9635880366e-03
5.4200000000e+02 8.4305249409e-02 4.3406389683e-03
5.4300000000e+02 8.2256868590e-02 4.5167959711e-03
5.4400000000e+02 8.3919182469e-02 4.4593114075e-03
5.4500000000e+02 8.5986832295e-02 4.5569862973e-03
5.4600000000e+02 8.6167888620e-02 4.7238840687e-03
5.4700000000e+02 8.6395310558e-02 4.5481656882e-03
5.4800000000e+02 8.2672634321e-02 4.2813923092e-03
5.4900000000e+02 7.7092124454e-02 4.4673354930e-03
5.5000000000e+02 7.6661042944e-02 4.7001834417e-03
5.5100000000e+02 8.0680010145e-02 4.6141785293e-03
5.5200000000e+02 8.3726752330e-02 4.6763969048e-03
5.5300000000e+02 8.4655801705e-02 4.7999769170e-03
5.5400000000e+02 8.3744794709e-02 4.6281736106e-03
5.5500000000e+02 7.9823048604e-02 4.7132903904e-03
5.5600000000e+02 7.6909320704e-02 4.6111101766e-03
5.5700000000e+02 7.6102378591e-02 4.2981103620e-03
5.5800000000e+02 7.6571205253e-02 4.1996092373e-03
5.5900000000e+02 7.9327873597e-02 3.9634315534e-03
5.6000000000e+02 8.1375958944e-02 4.2756309853e-03
5.6100000000e+02 7.9546547190e-02 4.6399245123e-03
5.6200000000e+02 7.9323288464e-02 4.6608238834e-03
5.6300000000e+02 8.1436481606e-02 4.1988354374e-03
5.6400000000e+02 8.1613799949e-02 4.1819326690e-03
5.6500000000e+02 8.1988683365e-02 4.2390418110e-03
5.6600000000e+02 8.1386750608e-02 4.1975739577e-03
5.6700000000e+02 8.2145541063e-02 4.1754248602e-03
5.6800000000e+02 8.5556798887e-02 3.9800557358e-03
5.6900000000e+02 8.5648067162e-02 4.2950087117e-03
5.7000000000e+02 8.3688794447e-02 4.8441703979e-03
5.7100000000e+02 8.3724361295e-02 4.8220913843e-03
5.7200000000e+02 8.4002446306e-02 4.4697205901e-03
5.7300000000e+02 8.4034702909e-02 4.3327814912e-03
5.7400000000e+02 8.3052629429e-02 4.4223882213e-03
5.7500000000e+02 8.4963905053e-02 4.6302704950e-03
5.7600000000e+02 8.9120913633e-02 4.8489593488e-03
5.7700000000e+02 8.8561203023e-02 5.1044617376e-03
5.7800000000e+02 8.6488790057e-02 4.9371075697e-03
5.7900000000e+02 8.2374618302e-02 4.3994454425e-03
5.8000000000e+02 8.0333944293e-02 3.9700271638e-03
5.8100000000e+02 7.9652629045e-02 3.9662557961e-03
5.8200000000e+02 7.8829731749e-02 3.9120608497e-03
5.8300000000e+02 7.8150797111e-02 3.8633171531e-03
5.8400000000e+02 7.9646603010e-02 3.8087733125e-03
5.8500000000e+02 8.0880503058e-02 4.0030419106e-03
5.8600000000e+02 8.0988570818e-02 4.0502952097e-03
5.8700000000e+02 8.0236624645e-02 4.4463599711e-03
5.8800000000e+02 8.1401528004e-02 4.5541922388e-03
5.8900000000e+02 8.1369058482e-02 4.6094248647e-03
5.9000000000e+02 8.0798008079e-02 4.6447221487e-03
5.9100000000e+02 7.9163711843e-02 4.3389084378e-03
5.9200000000e+02 7.7784828480e-02 3.9927141496e-03
5.9300000000e+02 7.8000431436e-02 4.0674778786e-03
5.9400000000e+02 7.9648749830e-02 4.5657434657e-03
5.9500000000e+02 8.2759569014e-02 4.7523766428e-03
5.9600000000e+02 8.5470035574e-02 4.6329094232e-03
5.9700000000e+02 8.1709719438e-02 4.4630388524e-03
5.9800000000e+02 7.5969836514e-02 3.9280549372e-03
5.9900000000e+02 7.5071350364e-02 3.8497995164e-03
6.0000000000e+02 7.5352024492e-02 4.1283659700e-03
6.0100000000e+02 7.4552899794e-02 4.2483722320e-03
6.0200000000e+02 7.2789594666e-02 4.2151406731e-03
6.0300000000e+02 7.3424023480e-02 4.2053560332e-03
6.0400000000e+02 7.6997220642e-02 4.5413191045e-03
6.0500000000e+02 8.0225826502e-02 4.6395486643e-03
6.0600000000e+02 8.1347194379e-02 4.6944715347e-03
6.0700000000e+02 8.2013983869e-02 4.6202455268e-03
6.0800000000e+02 8.1561578163e-02 4.4318269822e-03
6.0900000000e+02 8.2627965071e-02 4.3848716123e-03
6.1000000000e+02 7.9977199598e-02 4.2588552656e-03
6.1100000000e+02 7.8281724097e-02 4.2097965393e-03
6.1200000000e+02 7.5552810476e-02 4.1101254566e-03
6.1300000000e+02 7.5802059290e-02 4.0907014444e-03
6.1400000000e+02 7.5016326948e-02 4.2387666618e-03
6.1500000000e+02 7.4571541822e-02 4.2759323900e-03
6.1600000000e+02 7.5354468423e-02 4.2520653428e-03
6.1700000000e+02 7.7527958950e-02 4.2399899427e-03
6.1800000000e+02 7.7833880955e-02 4.2116671012e-03
6.1900000000e+02 7.6532924352e-02 4.1532344226e-03
6.2000000000e+02 7.5012216345e-02 4.0237818500e-03
6.2100000000e+02 7.3519099829e-02 4.0204493410e-03
6.2200000000e+02 7.0841020941e-02 4.0177929561e-03
6.2300000000e+02 7.3293577366e-02 4.1512483642e-03
6.2400000000e+02 7.5036006055e-02 4.4853027326e-03
6.2500000000e+02 7.5638902850e-02 4.5818517127e-03
6.2600000000e+02 7.3985684774e-02 4.6251732114e-03
6.2700000000e+02 7.3605118575e-02 4.4166679912e-03
6.2800000000e+02 7.5930852902e-02 4.3136336019e-03
6.2900000000e+02 7.6979040434e-02 4.4168109256e-03
6.3000000000e+02 7.8962036203e-02 4.5132723310e-03
6.3100000000e+02 7.8504377066e-02 4.6033179859e-03
6.3200000000e+02 7.5003363466e-02 4.6481719951e-03
6.3300000000e+02 7.3961834291e-02 4.4507736467e-03
6.3400000000e+02 7.4401936898e-02 4.4511751014e-03
6.3500000000e+02 7.7971793305e-02 4.2816858341e-03
6.3600000000e+02 7.8128074895e-02 4.1736702032e-03
6.3700000000e+02 8.0824609743e-02 3.9963202109e-03
6.3800000000e+02 8.1660766817e-02 4.4471443817e-03
6.3900000000e+02 8.0315903693e-02 4.6247716259e-03
6.4000000000e+02 7.8222710301e-02 4.5415918207e-03
6.4100000000e+02 7.7111922893e-02 4.5235833727e-03
6.4200000000e+02 7.7397749266e-02 4.4321507698e-03
6.4300000000e+02 7.8720624196e-02 4.1212113987e-03
6.4400000000e+02 7.8209431438e-02 4.2559274470e-03
6.4500000000e+02 7.9456666702e-02 4.2054663438e-03
6.4600000000e+02 8.0485818082e-02 4.2209090374e-03
6.4700000000e+02 8.0669451098e-02 4.1984034846e-03
6.4800000000e+02 7.9406695143e-02 4.2286432617e-03
6.4900000000e+02 8.0330554838e-02 4.5711994020e-03
6.5000000000e+02 7.8082693236e-02 4.8369474543e-03
6.5100000000e+02 7.6071298381e-02 4.5750163484e-03
6.5200000000e+02 7.6050911082e-02 4.1566923975e-03
6.5300000000e+02 8.0211288194e-02 4.0916358367e-03
6.5400000000e+02 8.3251516726e-02 4.3522231870e-03
6.5500000000e+02 7.9884813729e-02 4.6377939860e-03
6.5600000000e+02 8.0670383987e-02 4.6998582699e-03
6.5700000000e+02 8.1880561079e-02 4.5105861885e-03
6.5800000000e+02 8.2284752554e-02 4.6962683865e-03
6.5900000000e+02 8.2873109078e-02 4.7054229255e-03
6.6000000000e+02 8.3195942625e-02 4.6158025708e-03
6.6100000000e+02 8.1639665880e-02 4.4321097374e-03
6.6200000000e+02 7.7104801660e-02 4.2317168317e-03
6.6300000000e+02 7.5734970931e-02 3.9541727173e-03
6.6400000000e+02 7.8197380069e-02 3.9977673834e-03
6.6500000000e+02 8.0349606743e-02 4.2733167699e-03
6.6600000000e+02 8.2327824916e-02 4.2819126624e-03
6.6700000000e+02 8.2012676183e-02 4.3241798650e-03
6.6800000000e+02 8.1167603367e-02 4.3083325799e-03
6.6900000000e+02 7.8467455237e-02 3.9668097091e-03
6.7000000000e+02 7.4058125745e-02 4.0777821733e-03
6.7100000000e+02 7.3979375805e-02 4.0394194605e-03
6.7200000000e+02 7.6634885482e-02 4.0083832910e-03
6.7300000000e+02 7.9319430683e-02 4.1665129654e-03
6.7400000000e+02 8.0413403921e-02 4.2812920616e-03
6.7500000000e+02 8.1028137417e-02 4.2183380666e-03
6.7600000000e+02 8.1893209238e-02 3.7996091326e-03
6.7700000000e+02 8.1359735367e-02 3.7551654796e-03
6.7800000000e+02 8.2166334348e-02 3.8079077550e-03
6.7900000000e+02 7.9831366669e-02 4.2398987094e-03
6.8000000000e+02 7.8492952647e-02 4.3733384048e-03
6.8100000000e+02 7.9413251478e-02 4.3123289654e-03
6.8200000000e+02 8.2727559326e-02 4.1519456800e-03
6.8300000000e+02 8.4578397458e-02 4.3317222174e-03
6.8400000000e+02 8.5296372178e-02 4.4659288073e-03
6.8500000000e+02 8.4779275785e-02 4.3702780692e-03
6.8600000000e+02 8.2389450130e-02 4.2592479022e-03
6.8700000000e+02 7.8830304068e-02 4.4974591929e-03
6.8800000000e+02 7.6712423299e-02 4.4712847214e-03
6.8900000000e+02 7.7771251124e-02 4.5627005840e-03
6.9000000000e+02 7.4955612140e-02 4.7438864683e-03
6.9100000000e+02 7.5679927970e-02 4.3726362539e-03
6.9200000000e+02 7.9820075434e-02 4.1870992637e-03
6.9300000000e+02 8.2358505704e-02 4.3195707901e-03
6.9400000000e+02 8.2164509312e-02 4.6163045043e-03
6.9500000000e+02 8.1030189367e-02 4.7716293012e-03
6.9600000000e+02 7.8873940825e-02 4.6559053811e-03
6.9700000000e+02 7.9349710913e-02 4.3334232722e-03
6.9800000000e+02 7.7599115813e-02 4.0967709119e-03
6.9900000000e+02 7.8016427071e-02 3.8821307047e-03
7.0000000000e+02 7.6251293604e-02 4.0818545091e-03
7.0100000000e+02 7.7750033282e-02 4.1957449970e-03
7.0200000000e+02 7.9494837365e-02 4.3337699621e-03
7.0300000000e+02 8.2047982589e-02 4.2123577599e-03
7.0400000000e+02 8.0548789307e-02 4.3048560989e-03
7.0500000000e+02 7.9243107728e-02 4.3470412722e-03
7.0600000000e+02 7.9008658415e-02 4.3086315606e-03
7.0700000000e+02 7.8779872170e-02 4.3718352965e-03
7.0800000000e+02 8.1134767810e-02 4.2110777302e-03
7.0900000000e+02 8.1788242096e-02 4.2622015400e-03
7.1000000000e+02 8.1362410680e-02 4.3384195919e-03
7.1100000000e+02 7.7909375899e-02 4.3527381085e-03
7.1200000000e+02 7.4693139804e-02 4.2036248771e-03
7.1300000000e+02 7.5852282611e-02 4.1551580159e-03
7.1400000000e+02 7.7061471911e-02 4.5492727879e-03
7.1500000000e+02 8.0119210559e-02 4.5113372988e-03
7.1600000000e+02 8.3691401208e-02 4.2808554056e-03
7.1700000000e+02 8.2001169261e-02 4.2475714656e-03
7.1800000000e+02 7.8006221097e-02 4.4884295799e-03
7.1900000000e+02 7.7327573858e-02 4.4213629552e-03
7.2000000000e+02 7.6456043888e-02 4.1733480502e-03
7.2100000000e+02 7.2026517283e-02 4.3161966577e-03
7.2200000000e+02 7.0443112533e-02 4.5421860268e-03
7.2300000000e+02 7.4495773253e-02 4.7508653739e-03
7.2400000000e+02 7.5843024320e-02 4.4989991547e-03
7.2500000000e+02 7.5744754053e-02 4.4125107853e-03
7.2600000000e+02 7.6718563160e-02 4.4282166232e-03
7.2700000000e+02 7.6114949780e-02 4.1460345349e-03
7.2800000000e+02 7.6933033084e-02 4.0580280337e-03
7.2900000000e+02 8.0582449216e-02 4.0712481801e-03
7.3000000000e+02 8.0132511061e-02 4.2284495522e-03
7.3100000000e+02 7.8707809414e-02 4.0562543334e-03
7.3200000000e+02 7.5805422428e-02 3.8381514650e-03
7.3300000000e+02 7.4682848090e-02 4.0987895885e-03
7.3400000000e+02 7.5188263223e-02 4.0611569362e-03
7.3500000000e+02 7.4822526933e-02 3.9064247879e-03
7.3600000000e+02 7.3698350897e-02 3.8982912115e-03
7.3700000000e+02 6.7642755396e-02 4.0927516931e-03
7.3800000000e+02 6.4524396050e-02 4.1509993480e-03
7.3900000000e+02 6.8129214059e-02 4.1205156388e-03
7.4000000000e+02 7.2557678771e-02 4.1532641490e-03
7.4100000000e+02 7.7208291466e-02 4.0331616181e-03
7.4200000000e+02 8.1189056151e-02 4.2342539288e-03
7.4300000000e+02 8.2978752366e-02 4.3118124500e-03
7.4400000000e+02 8.3006307421e-02 3.9231069994e-03
7.4500000000e+02 8.2343192460e-02 3.7321264395e-03
7.4600000000e+02 8.1306417131e-02 3.9128670671e-03
7.4700000000e+02 8.1781594283e-02 4.0925446044e-03
7.4800000000e+02 7.9398792056e-02 4.3652631839e-03
7.4900000000e+02 7.7528820265e-02 4.3959824688e-03
7.5000000000e+02 7.7876202995e-02 4.5340888671e-03
7.5100000000e+02 7.9058025954e-02 4.4836149658e-03
7.5200000000e+02 7.8547930480e-02 4.5423113540e-03
7.5300000000e+02 7.9227733656e-02 3.9687861841e-03
7.5400000000e+02 7.6661412019e-02 4.1116583602e-03
7.5500000000e+02 7.4387958701e-02 4.1656473381e-03
7.5600000000e+02 7.5257354562e-02 4.1911810398e-03
7.5700000000e+02 7.5943519391e-02 4.2695323169e-03
7.5800000000e+02 7.9188965083e-02 4.4419710962e-03
7.5900000000e+02 7.9461836372e-02 4.2359021701e-03
7.6000000000e+02 7.4968698329e-02 4.1869971406e-03
7.6100000000e+02 7.0035870305e-02 4.1171951688e-03
7.6200000000e+02 6.7906792911e-02 4.1879504661e-03
7.6300000000e+02 6.7693411791e-02 3.9954131681e-03
7.6400000000e+02 7.1036899635e-02 4.3717112814e-03
7.6500000000e+02 7.3348948653e-02 4.5294501648e-03
7.6600000000e+02 7.5647640286e-02 4.5403384354e-03
7.6700000000e+02 7.8232206914e-02 4.3722927804e-03
7.6800000000e+02 7.9763734818e-02 4.1507921104e-03
7.6900000000e+02 7.9120317224e-02 3.8328761187e-03
7.7000000000e+02 7.8616518044e-02 3.9038896553e-03
7.7100000000e+02 7.8484255987e-02 4.3481811747e-03
7.7200000000e+02 7.7968835998e-02 4.7355015903e-03
7.7300000000e+02 7.7467292742e-02 4.6868650013e-03
7.7400000000e+02 7.5728021558e-02 4.3961855566e-03
7.7500000000e+02 7.1732038569e-02 4.0414261245e-03
7.7600000000e+02 7.0244985698e-02 3.5059100650e-03
7.7700000000e+02 7.0991927869e-02 3.2138134540e-03
7.7800000000e+02 7.1374435860e-02 3.5217814153e-03
7.7900000000e+02 7.2699510144e-02 3.9342638268e-03
7.8000000000e+02 7.6365093931e-02 3.8921399460e-03
7.8100000000e+02 7.7979223096e-02 4.0533192930e-03
7.8200000000e+02 7.6537452822e-02 4.2643078565e-03
7.8300000000e+02 7.5418883425e-02 4.3073709564e-03
7.8400000000e+02 7.5627409762e-02 4.0001681999e-03
7.8500000000e+02 7.6608911230e-02 3.9696114352e-03
7.8600000000e+02 7.6920179338e-02 3.7745596584e-03
7.8700000000e+02 7.6660875791e-02 3.8574197120e-03
7.8800000000e+02 7.8274683440e-02 4.0182919124e-03
7.8900000000e+02 7.9626476565e-02 4.1997329543e-03
7.9000000000e+02 7.8340940908e-02 4.1605292576e-03
7.9100000000e+02 7.8123330298e-02 4.2183907130e-03
7.9200000000e+02 7.7208845873e-02 4.2940262834e-03
7.9300000000e+02 7.4751426870e-02 4.1914021790e-03
7.9400000000e+02 7.3952683034e-02 3.7610881518e-03
7.9500000000e+02 7.1346228160e-02 3.6793378935e-03
7.9600000000e+02 7.1360108738e-02 3.6474687826e-03
7.9700000000e+02 7.1769759177e-02 3.7010991971e-03
7.9800000000e+02 7.5802513303e-02 3.5284848076e-03
7.9900000000e+02 7.7676415239e-02 3.6909607196e-03
8.0000000000e+02 8.0821979088e-02 4.1433147493e-03
8.0100000000e+02 7.9827449484e-02 4.4751538780e-03
8.0200000000e+02 8.1442187231e-02 4.5993532209e-03
8.0300000000e+02 7.8742693654e-02 4.4747117833e-03
8.0400000000e+02 7.4838963458e-02 4.1992181270e-03
8.0500000000e+02 7.3031229955e-02 3.9499553220e-03
8.0600000000e+02 7.1156969921e-02 3.8583750936e-03
8.0700000000e+02 7.0154910782e-02 3.6834201808e-03
8.0800000000e+02 6.9724735148e-02 3.6934245807e-03
8.0900000000e+02 7.0524826073e-02 3.8182276083e-03
8.1000000000e+02 6.9954618162e-02 3.8129254154e-03
8.1100000000e+02 6.9408664146e-02 3.6353824398e-03
8.1200000000e+02 7.0671277416e-02 3.5944257969e-03
8.1300000000e+02 7.3120555140e-02 3.8431830899e-03
8.1400000000e+02 7.4388958582e-02 3.6533819704e-03
8.1500000000e+02 7.4612951355e-02 3.4362576146e-03
8.1600000000e+02 7.5439367259e-02 3.6762093553e-03
8.1700000000e+02 7.5582999369e-02 4.0058286427e-03
8.1800000000e+02 7.4228104229e-02 3.9394003773e-03
8.1900000000e+02 7.1584526353e-02 3.5972728371e-03
8.2000000000e+02 7.1594221696e-02 3.8346866187e-03
8.2100000000e+02 7.3825750499e-02 3.9743376482e-03
8.2200000000e+02 7.2315636062e-02 3.7895435478e-03
8.2300000000e+02 6.7339419245e-02 3.5400085669e-03
8.2400000000e+02 6.8028058667e-02 3.5208238101e-03
8.2500000000e+02 7.0401232804e-02 3.2864877306e-03
8.2600000000e+02 6.6658976412e-02 3.6021667410e-03
8.2700000000e+02 6.5936827102e-02 3.7040202425e-03
8.2800000000e+02 6.9156376960e-02 3.8632289275e-03
8.2900000000e+02 7.1246938799e-02 3.7356464025e-03
8.3000000000e+02 7.1420651886e-02 3.5778039566e-03
8.3100000000e+02 6.9166061931e-02 3.5106349265e-03
8.3200000000e+02 7.0134374277e-02 3.5597615681e-03
8.3300000000e+02 6.9512479142e-02 3.8010746983e-03
8.3400000000e+02 6.7522350190e-02 3.9321965291e-03
8.3500000000e+02 6.8186654013e-02 3.7724110637e-03
8.3600000000e+02 6.7875763090e-02 3.6508958585e-03
8.3700000000e+02 6.6695774282e-02 3.4804951511e-03
8.3800000000e+02 6.4947256892e-02 3.3206319186e-03
8.3900000000e+02 6.3371319290e-02 3.3491273364e-03
8.4000000000e+02 6.7676057589e-02 3.1634619131e-03
8.4100000000e+02 7.0051269599e-02 3.5622284026e-03
8.4200000000e+02 7.3134903830e-02 3.8683096700e-03
8.4300000000e+02 7.3656752345e-02 3.8691159426e-03
8.4400000000e+02 7.1609943793e-02 3.9786391707e-03
8.4500000000e+02 7.1879756890e-02 3.7156695045e-03
8.4600000000e+02 7.2308468367e-02 3.5398149858e-03
8.4700000000e+02 7.1019561286e-02 3.7622273640e-03
8.4800000000e+02 7.0021918890e-02 4.0534091430e-03
8.4900000000e+02 6.9432269512e-02 4.2254185350e-03
8.5000000000e+02 7.1111611375e-02 4.1958229338e-03
8.5100000000e+02 7.1334194040e-02 4.1531680486e-03
8.5200000000e+02 7.2261043825e-02 4.2191701226e-03
8.5300000000e+02 7.3647059532e-02 4.1300863245e-03
8.5400000000e+02 7.3342844831e-02 4.2724341537e-03
8.5500000000e+02 7.3606121405e-02 4.0068491960e-03
8.5600000000e+02 7.5370505836e-02 3.9509339943e-03
8.5700000000e+02 7.6318524688e-02 3.9605401210e-03
8.5800000000e+02 7.7058693405e-02 3.7105394844e-03
8.5900000000e+02 7.5430438996e-02 3.4240176944e-03
8.6000000000e+02 7.3884241280e-02 3.4957435280e-03
8.6100000000e+02 7.1270630201e-02 3.6732051877e-03
8.6200000000e+02 6.9694511241e-02 3.7186952902e-03
8.6300000000e+02 7.0386803395e-02 3.5671586718e-03
8.6400000000e+02 7.2520700781e-02 3.5482649083e-03
8.6500000000e+02 7.0668719759e-02 3.7808353085e-03
8.6600000000e+02 7.1763875370e-02 3.7361571644e-03
8.6700000000e+02 7.1973577469e-02 3.6968133775e-03
8.6800000000e+02 7.1973694891e-02 3.7154416912e-03
8.6900000000e+02 7.2569348017e-02 3.6026353721e-03
8.7000000000e+02 7.0412086149e-02 3.7691097067e-03
8.7100000000e+02 6.8957968717e-02 3.8773583752e-03
8.7200000000e+02 6.7169135572e-02 4.1249132708e-03
8.7300000000e+02 6.6775241745e-02 4.0745545046e-03
8.7400000000e+02 6.7438042805e-02 3.6455395562e-03
8.7500000000e+02 6.9147060008e-02 3.5364253480e-03
8.7600000000e+02 7.3761212836e-02 3.8724992918e-03
8.7700000000e+02 7.6078007448e-02 4.4637572649e-03
8.7800000000e+02 7.6418300633e-02 4.4469375553e-03
8.7900000000e+02 7.1546493135e-02 4.3022134832e-03
8.8000000000e+02 6.9433659023e-02 4.2702786908e-03
8.8100000000e+02 7.0038193061e-02 4.1616399633e-03
8.8200000000e+02 7.1227115954e-02 3.8198625097e-03
8.8300000000e+02 7.3052195732e-02 3.3894643246e-03
8.8400000000e+02 7.3332479102e-02 3.5206823858e-03
8.8500000000e+02 7.1308384853e-02 4.0576272121e-03
8.8600000000e+02 7.2952242484e-02 3.8344031400e-03
8.8700000000e+02 7.3398090792e-02 3.9376229372e-03
8.8800000000e+02 7.2610829582e-02 4.2438171691e-03
8.8900000000e+02 7.4166915208e-02 4.4734686934e-03
8.9000000000e+02 7.4576578399e-02 4.3099874217e-03
8.9100000000e+02 7.2745613092e-02 3.9975362916e-03
8.9200000000e+02 7.0781913974e-02 3.9650740842e-03
8.9300000000e+02 6.9286658243e-02 4.0884577135e-03
8.9400000000e+02 6.9751229355e-02 4.0214606132e-03
8.9500000000e+02 6.9830692484e-02 3.9009795927e-03
8.9600000000e+02 6.9650580733e-02 3.7782968406e-03
8.9700000000e+02 6.8262668869e-02 3.6323313925e-03
8.9800000000e+02 6.7302103325e-02 3.5610511936e-03
8.9900000000e+02 6.7116208661e-02 3.4562606577e-03
9.0000000000e+02 6.7515879501e-02 3.3057983515e-03
9.0100000000e+02 6.7367958904e-02 4.0239238259e-03
9.0200000000e+02 6.9729817979e-02 4.0242519767e-03
9.0300000000e+02 7.3008616907e-02 3.5561534451e-03
9.0400000000e+02 7.3263568934e-02 3.6057978557e-03
9.0500000000e+02 7.3429535081e-02 4.0171763066e-03
9.0600000000e+02 7.1419904321e-02 4.0561465109e-03
9.0700000000e+02 6.8293519124e-02 4.0249725826e-03
9.0800000000e+02 6.9853701015e-02 3.7252506681e-03
9.0900000000e+02 6.9692191912e-02 3.7199847485e-03
9.1000000000e+02 6.7858713897e-02 3.8477354554e-03
9.1100000000e+02 6.7010736132e-02 3.6700224786e-03
9.1200000000e+02 6.7355613830e-02 3.4562249764e-03
9.1300000000e+02 6.8688364914e-02 3.1670642506e-03
9.1400000000e+02 6.9610132497e-02 3.3952797094e-03
9.1500000000e+02 7.1232960579e-02 3.6533200453e-03
9.1600000000e+02 7.0295109646e-02 3.7391025911e-03
9.1700000000e+02 6.8210159897e-02 3.5501175806e-03
9.1800000000e+02 6.9591608888e-02 3.4450890243e-03
9.1900000000e+02 6.8063432180e-02 3.7424804488e-03
9.2000000000e+02 6.7675569132e-02 3.6352027613e-03
9.2100000000e+02 6.8541842848e-02 3.5206286181e-03
9.2200000000e+02 7.0152461591e-02 3.6453947891e-03
9.2300000000e+02 6.9090893191e-02 3.4954540569e-03
9.2400000000e+02 6.7947581536e-02 3.4652093726e-03
9.2500000000e+02 6.9136677709e-02 3.7272605903e-03
9.2600000000e+02 7.0662048051e-02 3.5689376794e-03
9.2700000000e+02 7.1739203897e-02 3.8933235578e-03
9.2800000000e+02 7.2637153188e-02 4.0492656751e-03
9.2900000000e+02 7.0843972452e-02 3.8572721311e-03
9.3000000000e+02 6.5849729368e-02 3.6662348708e-03
9.3100000000e+02 6.3330298765e-02 3.8043460943e-03
9.3200000000e+02 6.3739809725e-02 3.8719857308e-03
9.3300000000e+02 6.7926949699e-02 3.9146514734e-03
9.3400000000e+02 7.1185949893e-02 3.8088199203e-03
9.3500000000e+02 7.0616177255e-02 4.0531032290e-03
9.3600000000e+02 6.9564655811e-02 4.1157192994e-03
9.3700000000e+02 6.9138684789e-02 4.2351231930e-03
9.3800000000e+02 6.7302566280e-02 4.1358230010e-03
9.3900000000e+02 6.8595914957e-02 3.6006665460e-03
9.4000000000e+02 7.0312430099e-02 3.4133656737e-03
9.4100000000e+02 6.9873132344e-02 3.7040532626e-03
9.4200000000e+02 6.9281846758e-02 4.1749828888e-03
9.4300000000e+02 6.8971134812e-02 4.2503402796e-03
9.4400000000e+02 6.9078703961e-02 4.0478867051e-03
9.4500000000e+02 6.6656718542e-02 3.7891063748e-03
9.4600000000e+02 6.7922963560e-02 3.6348367213e-03
9.4700000000e+02 6.8489354317e-02 3.9329598686e-03
9.4800000000e+02 6.8936757722e-02 3.8977314948e-03
9.4900000000e+02 6.9651008319e-02 4.1608226399e-03
9.5000000000e+02 7.2285715553e-02 4.1677247929e-03
9.5100000000e+02 7.1160403339e-02 3.9449234377e-03
9.5200000000e+02 6.9266873725e-02 3.7500851610e-03
9.5300000000e+02 6.9128921383e-02 3.7039750187e-03
9.5400000000e+02 6.9208507630e-02 3.6871408111e-03
9.5500000000e+02 6.8336747997e-02 3.7149176143e-03
9.5600000000e+02 6.5361404590e-02 3.7051549985e-03
9.5700000000e+02 6.4946962471e-02 3.6070063001e-03
9.5800000000e+02 6.3275523578e-02 3.5210967673e-03
9.5900000000e+02 6.6391339452e-02 3.5095322472e-03
9.6000000000e+02 6.7488584894e-02 3.7676067129e-03
9.6100000000e+02 7.0512853610e-02 4.0117193460e-03
9.6200000000e+02 7.0317985801e-02 4.0991968667e-03
9.6300000000e+02 6.9899021582e-02 3.9833933188e-03
9.6400000000e+02 7.0788452869e-02 3.7759583982e-03
9.6500000000e+02 7.1394985494e-02 3.5545016187e-03
9.6600000000e+02 6.9958603635e-02 3.6871607385e-03
9.6700000000e+02 6.7569954038e-02 3.8286371156e-03
9.6800000000e+02 6.7653303688e-02 3.7585728236e-03
9.6900000000e+02 6.8622829318e-02 3.8049228114e-03
9.7000000000e+02 7.1806675930e-02 3.8194442027e-03
9.7100000000e+02 7.3431674868e-02 3.6384627288e-03
9.7200000000e+02 7.3782280702e-02 3.6473654963e-03
9.7300000000e+02 7.3155075362e-02 3.5180308106e-03
9.7400000000e+02 7.3152157728e-02 3.4952520775e-03
9.7500000000e+02 7.1802424177e-02 3.4946475598e-03
9.7600000000e+02 7.0105851688e-02 3.7308893216e-03
9.7700000000e+02 6.9829861504e-02 4.0076807900e-03
9.7800000000e+02 7.1296395406e-02 3.8514078336e-03
9.7900000000e+02 7.4431884298e-02 3.8659449567e-03
9.8000000000e+02 7.3701340203e-02 3.7164947821e-03
9.8100000000e+02 7.2816151242e-02 3.3962726450e-03
9.8200000000e+02 7.1806433131e-02 3.1624299916e-03
9.8300000000e+02 7.0117069916e-02 3.6088815887e-03
9.8400000000e+02 7.3479012681e-02 3.8018482881e-03
9.8500000000e+02 7.5545139097e-02 3.6967153116e-03
9.8600000000e+02 7.5130954693e-02 3.7399849326e-03
9.8700000000e+02 6.8853742791e-02 3.9407122023e-03
9.8800000000e+02 6.7827267321e-02 4.1309483109e-03
9.8900000000e+02 7.0763488548e-02 4.1755416483e-03
9.9000000000e+02 7.4689007321e-02 4.1677113074e-03
9.9100000000e+02 7.3394158932e-02 4.3110717069e-03
9.9200000000e+02 7.4044242162e-02 4.2296969312e-03
9.9300000000e+02 7.2162227034e-02 3.9156449251e-03
9.9400000000e+02 7.0950098115e-02 3.7436037907e-03
9.9500000000e+02 7.0833294805e-02 3.6301358444e-03
9.9600000000e+02 6.8904262274e-02 3.6333398167e-03
9.9700000000e+02 6.7246665823e-02 3.5184227448e-03
9.9800000000e+02 6.5104116802e-02 3.3380186213e-03
9.9900000000e+02 6.5947902261e-02 3.7493091615e-03
