# index  mean  stderr
0.0000000000e+00 1.0000000000e+00 0.0000000000e+00
1.0000000000e+00 7.9448579506e-01 1.7094714012e-02
2.0000000000e+00 6.3965128432e-01 2.1412047726e-02
3.0000000000e+00 5.2674912094e-01 2.1876598660e-02
4.0000000000e+00 4.8404805621e-01 2.1329764248e-02
5.0000000000e+00 4.5066784686e-01 1.9588884460e-02
6.0000000000e+00 4.4120501092e-01 2.0510329043e-02
7.0000000000e+00 4.4022836380e-01 2.0003042851e-02
8.0000000000e+00 4.1789235430e-01 2.0011218476e-02
9.0000000000e+00 3.9761188401e-01 2.0781743536e-02
1.0000000000e+01 4.0314629847e-01 2.0070408843e-02
1.1000000000e+01 3.8814045181e-01 1.8946055680e-02
1.2000000000e+01 3.9418051852e-01 1.8433628811e-02
1.3000000000e+01 3.8331258676e-01 1.8867496916e-02
1.4000000000e+01 3.6330426413e-01 1.8775135167e-02
1.5000000000e+01 3.3653561166e-01 1.6465322909e-02
1.6000000000e+01 3.3271699485e-01 1.5821995651e-02
1.7000000000e+01 3.3846456698e-01 1.5632388547e-02
1.8000000000e+01 3.3426113431e-01 1.6346016257e-02
1.9000000000e+01 3.1548307421e-01 1.5518970156e-02
2.0000000000e+01 3.1624415286e-01 1.4681604159e-02
2.1000000000e+01 3.0846923545e-01 1.6458177485e-02
2.2000000000e+01 2.9647154747e-01 1.5849682613e-02
2.3000000000e+01 2.8674156381e-01 1.5093751467e-02
2.4000000000e+01 2.8760410786e-01 1.5079590688e-02
2.5000000000e+01 3.0099561769e-01 1.5806233369e-02
2.6000000000e+01 3.1107480786e-01 1.6845796960e-02
2.7000000000e+01 2.9774337967e-01 1.5965176711e-02
2.8000000000e+01 2.8493039512e-01 1.3737779564e-02
2.9000000000e+01 2.7733987605e-01 1.3405987479e-02
3.0000000000e+01 2.8926383017e-01 1.5019915694e-02
3.1000000000e+01 3.0376413739e-01 1.5046580100e-02
3.2000000000e+01 2.9135042633e-01 1.5559497993e-02
3.3000000000e+01 2.9765465025e-01 1.4827012630e-02
3.4000000000e+01 2.8513452327e-01 1.5537750168e-02
3.5000000000e+01 2.7498324824e-01 1.3970980945e-02
3.6000000000e+01 2.6027166621e-01 1.3546761781e-02
3.7000000000e+01 2.5225591633e-01 1.2906180019e-02
3.8000000000e+01 2.6097714959e-01 1.3479286094e-02
3.9000000000e+01 2.8963557628e-01 1.4878187341e-02
4.0000000000e+01 2.9059172076e-01 1.6091732194e-02
4.1000000000e+01 2.7775810445e-01 1.5793936444e-02
4.2000000000e+01 2.5778312420e-01 1.5228592981e-02
4.3000000000e+01 2.6627383679e-01 1.4138869148e-02
4.4000000000e+01 2.7159457025e-01 1.3895080426e-02
4.5000000000e+01 2.7207319748e-01 1.3817966279e-02
4.6000000000e+01 2.6134587695e-01 1.2030690969e-02
4.7000000000e+01 2.5503300251e-01 1.3122158306e-02
4.8000000000e+01 2.5506944136e-01 1.2723121773e-02
4.9000000000e+01 2.5917887099e-01 1.3519707695e-02
5.0000000000e+01 2.4433439411e-01 1.3295748328e-02
5.1000000000e+01 2.3986798178e-01 1.2755652995e-02
5.2000000000e+01 2.3297669048e-01 1.3300256276e-02
5.3000000000e+01 2.4599003181e-01 1.1879172977e-02
5.4000000000e+01 2.5728049540e-01 1.1772992411e-02
5.5000000000e+01 2.4356226653e-01 1.2001543592e-02
5.6000000000e+01 2.5565963920e-01 1.2916681354e-02
5.7000000000e+01 2.5545056154e-01 1.2253830556e-02
5.8000000000e+01 2.4596205324e-01 1.1961313923e-02
5.9000000000e+01 2.4406392805e-01 1.3173196718e-02
6.0000000000e+01 2.6038166929e-01 1.3797402742e-02
6.1000000000e+01 2.4968462861e-01 1.2651717080e-02
6.2000000000e+01 2.5903604885e-01 1.2973299083e-02
6.3000000000e+01 2.5152555675e-01 1.3358085151e-02
6.4000000000e+01 2.3956809261e-01 1.3443058634e-02
6.5000000000e+01 2.3111655449e-01 1.2222117806e-02
6.6000000000e+01 2.2629424460e-01 1.2133658146e-02
6.7000000000e+01 2.2908978286e-01 1.1255622358e-02
6.8000000000e+01 2.2553747954e-01 1.1124940115e-02
6.9000000000e+01 2.2629110974e-01 1.1246598883e-02
7.0000000000e+01 2.1753723943e-01 1.2145992778e-02
7.1000000000e+01 2.2293907572e-01 1.1106247024e-02
7.2000000000e+01 2.0765665664e-01 1.1202106472e-02
7.3000000000e+01 2.1596062886e-01 9.9227964006e-03
7.4000000000e+01 2.1561951688e-01 1.1524230773e-02
7.5000000000e+01 2.2899158450e-01 1.1891767454e-02
7.6000000000e+01 2.3316013452e-01 1.2577254085e-02
7.7000000000e+01 2.0655026768e-01 1.1797373517e-02
7.8000000000e+01 2.0881547814e-01 1.1892026818e-02
7.9000000000e+01 2.1953939651e-01 1.0397538971e-02
8.0000000000e+01 2.2512450716e-01 1.0233491286e-02
8.1000000000e+01 2.1424970077e-01 9.4357167375e-03
8.2000000000e+01 2.1813568683e-01 1.0876986693e-02
8.3000000000e+01 2.2625740819e-01 1.0435456752e-02
8.4000000000e+01 2.2981913040e-01 1.0431156671e-02
8.5000000000e+01 2.2694257301e-01 1.1379467292e-02
8.6000000000e+01 2.1105959805e-01 1.1996472229e-02
8.7000000000e+01 2.1913558035e-01 1.1408722026e-02
8.8000000000e+01 2.1359011269e-01 1.1258668504e-02
8.9000000000e+01 2.0279198823e-01 1.0848903768e-02
9.0000000000e+01 2.2218473040e-01 1.2023136334e-02
9.1000000000e+01 2.2874751517e-01 1.0746437987e-02
9.2000000000e+01 2.2526885256e-01 1.0861019092e-02
9.3000000000e+01 2.1846846203e-01 1.2708749754e-02
9.4000000000e+01 2.0832177813e-01 1.1418108030e-02
9.5000000000e+01 2.0726906307e-01 1.1419001765e-02
9.6000000000e+01 2.0128335887e-01 1.0514233893e-02
9.7000000000e+01 1.9841160477e-01 1.1040219592e-02
9.8000000000e+01 2.1231517040e-01 1.1129006942e-02
9.9000000000e+01 2.0477548532e-01 1.0444605973e-02
1.0000000000e+02 2.0983943720e-01 1.1351494231e-02
1.0100000000e+02 2.0709555482e-01 1.0572344142e-02
1.0200000000e+02 2.2411114047e-01 1.0844250064e-02
1.0300000000e+02 2.1431073890e-01 1.0675159060e-02
1.0400000000e+02 2.0529962373e-01 1.0708681975e-02
1.0500000000e+02 2.1112943107e-01 1.1582482411e-02
1.0600000000e+02 2.1296254715e-01 1.1764253640e-02
1.0700000000e+02 1.9663235027e-01 1.0910102598e-02
1.0800000000e+02 2.0490141269e-01 1.0660630261e-02
1.0900000000e+02 2.1312842552e-01 1.0885110809e-02
1.1000000000e+02 2.0457117913e-01 1.1246501930e-02
1.1100000000e+02 2.0388257276e-01 1.0449202021e-02
1.1200000000e+02 1.8945591853e-01 1.0113705744e-02
1.1300000000e+02 1.9835393728e-01 1.1283728688e-02
1.1400000000e+02 1.9705297628e-01 1.0771318606e-02
1.1500000000e+02 2.0000978926e-01 1.1448551977e-02
1.1600000000e+02 1.9799942160e-01 1.0948369335e-02
1.1700000000e+02 1.9410705043e-01 1.0593523405e-02
1.1800000000e+02 1.8839961670e-01 1.0352928325e-02
1.1900000000e+02 1.9781157729e-01 1.0814811785e-02
1.2000000000e+02 1.8879746271e-01 1.0285713336e-02
1.2100000000e+02 1.9616395885e-01 1.0860799883e-02
1.2200000000e+02 1.9783233205e-01 1.0453047694e-02
1.2300000000e+02 1.9525864077e-01 1.0171612882e-02
1.2400000000e+02 1.9719927668e-01 1.0774342011e-02
1.2500000000e+02 1.9753241567e-01 1.0166598241e-02
1.2600000000e+02 1.8354386922e-01 8.5963388283e-03
1.2700000000e+02 1.8663520779e-01 1.0641033096e-02
1.2800000000e+02 1.9346766154e-01 1.1449755244e-02
1.2900000000e+02 2.0455815519e-01 1.1062914711e-02
1.3000000000e+02 1.9777144108e-01 1.0098029348e-02
1.3100000000e+02 2.0482253561e-01 9.9289546253e-03
1.3200000000e+02 1.9702252998e-01 9.9317600517e-03
1.3300000000e+02 2.0125754971e-01 1.0186993162e-02
1.3400000000e+02 2.0297329400e-01 1.0117595005e-02
1.3500000000e+02 1.9337097749e-01 9.8054539005e-03
1.3600000000e+02 1.8471664245e-01 1.0458624569e-02
1.3700000000e+02 1.7533333123e-01 9.8218930933e-03
1.3800000000e+02 1.7795409737e-01 9.2909355613e-03
1.3900000000e+02 1.7883048820e-01 9.6429566176e-03
1.4000000000e+02 1.8288645051e-01 8.3408571443e-03
1.4100000000e+02 1.8590576307e-01 9.6166867397e-03
1.4200000000e+02 1.9411750018e-01 9.2751239010e-03
1.4300000000e+02 2.0428717539e-01 1.1206272945e-02
1.4400000000e+02 2.0147703222e-01 1.0340576337e-02
1.4500000000e+02 1.9147598891e-01 9.7602121528e-03
1.4600000000e+02 1.9066587801e-01 9.4786880692e-03
1.4700000000e+02 1.8066467073e-01 9.4017886756e-03
1.4800000000e+02 1.7057676849e-01 8.5405050372e-03
1.4900000000e+02 1.8152499641e-01 9.3197432198e-03
1.5000000000e+02 1.8781078748e-01 8.7564527204e-03
1.5100000000e+02 1.8878173245e-01 9.9068050062e-03
1.5200000000e+02 1.8742031380e-01 9.8406344179e-03
1.5300000000e+02 2.0648366902e-01 9.7854488398e-03
1.5400000000e+02 2.0186043504e-01 9.5563034360e-03
1.5500000000e+02 1.9385718442e-01 9.7384676759e-03
1.5600000000e+02 1.8550017125e-01 9.8136328664e-03
1.5700000000e+02 1.7499259303e-01 8.6840692728e-03
1.5800000000e+02 1.5775096148e-01 8.7722272371e-03
1.5900000000e+02 1.7247017326e-01 9.7791704318e-03
1.6000000000e+02 1.8114085483e-01 1.0588409809e-02
1.6100000000e+02 1.7315149982e-01 1.0210575658e-02
1.6200000000e+02 1.7259760388e-01 8.8216300850e-03
1.6300000000e+02 1.7143649145e-01 7.4788719336e-03
1.6400000000e+02 1.6724572126e-01 8.0754383316e-03
1.6500000000e+02 1.8775871313e-01 8.2724126723e-03
1.6600000000e+02 1.8726832447e-01 8.8756073668e-03
1.6700000000e+02 1.8591008341e-01 9.5059212001e-03
1.6800000000e+02 1.8677984146e-01 8.8940447612e-03
1.6900000000e+02 1.8136388039e-01 8.3887612228e-03
1.7000000000e+02 1.7379303035e-01 8.5922211594e-03
1.7100000000e+02 1.7962302508e-01 9.2541750468e-03
1.7200000000e+02 1.7252983914e-01 9.0119367233e-03
1.7300000000e+02 1.8424613488e-01 9.3849137621e-03
1.7400000000e+02 1.7797783146e-01 9.4566376035e-03
1.7500000000e+02 1.7194297236e-01 1.0071419926e-02
1.7600000000e+02 1.7683047160e-01 9.8367808215e-03
1.7700000000e+02 1.8360251722e-01 8.2834237555e-03
1.7800000000e+02 1.8729043044e-01 8.2357971953e-03
1.7900000000e+02 1.8123300324e-01 9.1361576617e-03
1.8000000000e+02 1.8183070027e-01 9.5904771582e-03
1.8100000000e+02 1.8308847373e-01 8.9232404650e-03
1.8200000000e+02 1.7171786223e-01 8.8189917821e-03
1.8300000000e+02 1.6868613675e-01 9.1749870978e-03
1.8400000000e+02 1.6690000545e-01 9.5001572333e-03
1.8500000000e+02 1.6485923484e-01 9.3610203246e-03
1.8600000000e+02 1.5537747899e-01 8.7282621595e-03
1.8700000000e+02 1.5576707749e-01 8.2796100871e-03
1.8800000000e+02 1.6166789595e-01 8.7926559273e-03
1.8900000000e+02 1.6142255857e-01 8.8650227951e-03
1.9000000000e+02 1.7420257775e-01 8.6973499312e-03
1.9100000000e+02 1.7321696786e-01 9.4406123429e-03
1.9200000000e+02 1.7511250864e-01 8.5325696429e-03
1.9300000000e+02 1.7203320779e-01 8.7479230022e-03
1.9400000000e+02 1.6079173468e-01 8.7210391159e-03
1.9500000000e+02 1.6331122778e-01 8.9722081703e-03
1.9600000000e+02 1.7300119510e-01 8.6320061618e-03
1.9700000000e+02 1.7255008118e-01 7.7547966268e-03
1.9800000000e+02 1.7346471624e-01 8.1321115929e-03
1.9900000000e+02 1.6007258479e-01 8.0908188365e-03
2.0000000000e+02 1.4948268130e-01 8.0164643835e-03
2.0100000000e+02 1.6465960086e-01 8.6225236398e-03
2.0200000000e+02 1.7613659256e-01 9.8468908005e-03
2.0300000000e+02 1.7443739734e-01 8.9627376773e-03
2.0400000000e+02 1.8598406989e-01 8.5462881980e-03
2.0500000000e+02 1.8289125447e-01 9.0766664068e-03
2.0600000000e+02 1.8898357894e-01 9.1013744313e-03
2.0700000000e+02 1.8436168588e-01 9.6569565906e-03
2.0800000000e+02 1.7821349671e-01 9.3508732886e-03
2.0900000000e+02 1.8413282257e-01 9.7389989852e-03
2.1000000000e+02 1.8355660573e-01 8.4005632143e-03
2.1100000000e+02 1.7039982355e-01 8.2636882350e-03
2.1200000000e+02 1.5599052906e-01 8.3961829005e-03
2.1300000000e+02 1.6331436871e-01 9.5438337960e-03
2.1400000000e+02 1.6903501446e-01 9.5055930846e-03
2.1500000000e+02 1.8169514983e-01 9.3754378960e-03
2.1600000000e+02 1.8245966826e-01 1.0612552988e-02
2.1700000000e+02 1.7291345069e-01 1.0332980647e-02
2.1800000000e+02 1.7829016925e-01 9.6150699479e-03
2.1900000000e+02 1.9074013190e-01 1.0761519460e-02
2.2000000000e+02 1.8536169102e-01 9.3515222522e-03
2.2100000000e+02 1.7701377148e-01 9.5414387158e-03
2.2200000000e+02 1.7406975841e-01 8.4717391067e-03
2.2300000000e+02 1.7805407566e-01 9.1121389502e-03
2.2400000000e+02 1.8115288143e-01 8.7565383503e-03
2.2500000000e+02 1.8062197832e-01 9.0961232814e-03
2.2600000000e+02 1.7078445083e-01 9.6848099541e-03
2.2700000000e+02 1.7483773228e-01 9.4797642118e-03
2.2800000000e+02 1.7110989988e-01 8.8067416431e-03
2.2900000000e+02 1.7342113044e-01 8.8401447557e-03
2.3000000000e+02 1.6794443151e-01 9.0902801287e-03
2.3100000000e+02 1.7321365093e-01 9.0350671653e-03
2.3200000000e+02 1.8103632810e-01 8.6967727169e-03
2.3300000000e+02 1.7253454775e-01 9.2777439603e-03
2.3400000000e+02 1.7207312661e-01 9.0983650489e-03
2.3500000000e+02 1.6474683770e-01 8.8942385473e-03
2.3600000000e+02 1.7062490095e-01 9.0086516344e-03
2.3700000000e+02 1.7487451268e-01 9.5082630680e-03
2.3800000000e+02 1.7085829390e-01 9.0427836772e-03
2.3900000000e+02 1.6870498687e-01 9.3479936939e-03
2.4000000000e+02 1.6778464295e-01 8.6952742812e-03
2.4100000000e+02 1.7056464685e-01 9.1821703941e-03
2.4200000000e+02 1.5733047263e-01 8.9922465306e-03
2.4300000000e+02 1.5934754421e-01 9.0126290134e-03
2.4400000000e+02 1.5764702503e-01 9.0391857055e-03
2.4500000000e+02 1.6748058835e-01 9.4735481048e-03
2.4600000000e+02 1.6718551649e-01 9.1238775380e-03
2.4700000000e+02 1.6416186716e-01 9.7106070164e-03
2.4800000000e+02 1.5415648174e-01 8.5010220093e-03
2.4900000000e+02 1.6749677155e-01 9.1004606780e-03
2.5000000000e+02 1.6310850708e-01 8.4015805980e-03
2.5100000000e+02 1.5957059787e-01 8.8482175107e-03
2.5200000000e+02 1.5396747408e-01 9.5377242720e-03
2.5300000000e+02 1.6157503717e-01 9.8263499069e-03
2.5400000000e+02 1.5787857889e-01 8.6484595310e-03
2.5500000000e+02 1.5895559912e-01 8.3635417876e-03
2.5600000000e+02 1.5412178309e-01 7.9936116907e-03
2.5700000000e+02 1.5840254698e-01 8.1039622166e-03
2.5800000000e+02 1.5648519949e-01 8.4758610990e-03
2.5900000000e+02 1.7546115820e-01 8.6729257326e-03
2.6000000000e+02 1.7117503653e-01 8.9019003688e-03
2.6100000000e+02 1.6567488489e-01 8.8796057614e-03
2.6200000000e+02 1.5405983763e-01 8.2020849512e-03
2.6300000000e+02 1.5560875056e-01 8.6307469691e-03
2.6400000000e+02 1.6607351404e-01 8.5112365038e-03
2.6500000000e+02 1.7150368247e-01 9.2285255225e-03
2.6600000000e+02 1.5900959508e-01 8.4776750037e-03
2.6700000000e+02 1.5744518238e-01 8.1502644579e-03
2.6800000000e+02 1.5783868753e-01 7.6584076589e-03
2.6900000000e+02 1.4792618996e-01 7.8662442320e-03
2.7000000000e+02 1.4391507685e-01 7.3774687608e-03
2.7100000000e+02 1.5410999087e-01 8.3682314256e-03
2.7200000000e+02 1.6386123097e-01 8.2728949072e-03
2.7300000000e+02 1.6716571822e-01 8.1147616778e-03
2.7400000000e+02 1.6500069226e-01 8.4606479061e-03
2.7500000000e+02 1.5483392766e-01 8.5569303647e-03
2.7600000000e+02 1.6110306948e-01 9.0638461935e-03
2.7700000000e+02 1.6227715840e-01 8.4093391887e-03
2.7800000000e+02 1.7026461000e-01 8.0359569457e-03
2.7900000000e+02 1.6000796379e-01 9.0607083736e-03
2.8000000000e+02 1.5830891334e-01 8.2450876766e-03
2.8100000000e+02 1.5046037753e-01 7.7330567167e-03
2.8200000000e+02 1.5604914519e-01 8.3689695707e-03
2.8300000000e+02 1.6303563251e-01 7.6290957301e-03
2.8400000000e+02 1.5837350936e-01 8.4003810722e-03
2.8500000000e+02 1.6279962869e-01 7.9101667817e-03
2.8600000000e+02 1.7555922917e-01 7.7469809406e-03
2.8700000000e+02 1.7024374333e-01 7.9507237993e-03
2.8800000000e+02 1.5667612093e-01 7.9739998469e-03
2.8900000000e+02 1.5162274740e-01 8.0944952886e-03
2.9000000000e+02 1.5172917605e-01 8.6050271098e-03
2.9100000000e+02 1.5878305609e-01 8.3021969791e-03
2.9200000000e+02 1.6272699488e-01 8.6978134642e-03
2.9300000000e+02 1.6728423235e-01 8.7386845130e-03
2.9400000000e+02 1.5780488729e-01 7.6977518134e-03
2.9500000000e+02 1.3913809660e-01 7.1833311506e-03
2.9600000000e+02 1.5708106472e-01 7.9513976079e-03
2.9700000000e+02 1.6061312996e-01 7.4183176916e-03
2.9800000000e+02 1.6376493825e-01 8.4199400146e-03
2.9900000000e+02 1.6657170575e-01 8.4920791565e-03
3.0000000000e+02 1.5780073781e-01 7.7573581618e-03
3.0100000000e+02 1.5872198266e-01 7.9675852789e-03
3.0200000000e+02 1.6550258149e-01 7.7995914506e-03
3.0300000000e+02 1.5687903401e-01 8.6086710858e-03
3.0400000000e+02 1.5978111893e-01 8.5891343991e-03
3.0500000000e+02 1.5252769284e-01 7.7752595233e-03
3.0600000000e+02 1.5877545859e-01 8.6875907125e-03
3.0700000000e+02 1.6258386467e-01 7.4276264243e-03
3.0800000000e+02 1.6432676886e-01 7.6695973529e-03
3.0900000000e+02 1.6585214386e-01 8.6316763108e-03
3.1000000000e+02 1.6325705941e-01 8.9945363391e-03
3.1100000000e+02 1.6233206168e-01 8.1551627170e-03
3.1200000000e+02 1.6249982811e-01 8.4837515829e-03
3.1300000000e+02 1.7193062744e-01 8.5017396926e-03
3.1400000000e+02 1.6559670560e-01 8.8568430326e-03
3.1500000000e+02 1.6706454722e-01 1.0352772027e-02
3.1600000000e+02 1.6068377088e-01 8.5562511692e-03
3.1700000000e+02 1.6341395056e-01 8.8163975290e-03
3.1800000000e+02 1.4494316282e-01 8.2647871040e-03
3.1900000000e+02 1.3706906582e-01 8.1347157649e-03
3.2000000000e+02 1.4909784954e-01 7.7521370668e-03
3.2100000000e+02 1.5864360116e-01 9.0644589964e-03
3.2200000000e+02 1.5414313591e-01 8.6331913779e-03
3.2300000000e+02 1.6232654944e-01 8.3440880806e-03
3.2400000000e+02 1.6279911626e-01 9.0108588140e-03
3.2500000000e+02 1.5608269346e-01 8.8369137021e-03
3.2600000000e+02 1.5976138681e-01 8.8203895274e-03
3.2700000000e+02 1.5586430773e-01 8.5492658543e-03
3.2800000000e+02 1.6593513052e-01 8.1530797410e-03
3.2900000000e+02 1.6559869821e-01 7.6309942394e-03
3.3000000000e+02 1.4588209458e-01 6.9678029041e-03
3.3100000000e+02 1.5713365141e-01 7.7650769387e-03
3.3200000000e+02 1.4855762458e-01 7.9640468008e-03
3.3300000000e+02 1.5282628594e-01 7.1314298096e-03
3.3400000000e+02 1.6247770876e-01 7.7251787922e-03
3.3500000000e+02 1.6129330373e-01 7.6041346132e-03
3.3600000000e+02 1.4523867370e-01 6.8376420152e-03
3.3700000000e+02 1.5547955352e-01 7.7841032481e-03
3.3800000000e+02 1.6723828110e-01 8.2241666613e-03
3.3900000000e+02 1.6454374042e-01 8.2451389641e-03
3.4000000000e+02 1.4364641360e-01 7.5648476253e-03
3.4100000000e+02 1.4568976364e-01 7.8455657639e-03
3.4200000000e+02 1.4584405676e-01 8.6345031990e-03
3.4300000000e+02 1.4432585442e-01 7.8545114939e-03
3.4400000000e+02 1.5084959811e-01 8.1343844785e-03
3.4500000000e+02 1.4874745215e-01 7.8726702134e-03
3.4600000000e+02 1.5526320410e-01 8.3652661427e-03
3.4700000000e+02 1.4726765971e-01 8.0637427541e-03
3.4800000000e+02 1.4793259319e-01 8.4401592615e-03
3.4900000000e+02 1.4232833025e-01 7.3314037387e-03
3.5000000000e+02 1.3506770152e-01 8.1124811574e-03
3.5100000000e+02 1.4317496553e-01 7.9356723518e-03
3.5200000000e+02 1.5621491970e-01 7.6853750542e-03
3.5300000000e+02 1.5431015921e-01 8.0441253028e-03
3.5400000000e+02 1.5066826603e-01 7.7240943974e-03
3.5500000000e+02 1.3925178704e-01 7.3587839695e-03
3.5600000000e+02 1.4814879114e-01 8.2192611704e-03
3.5700000000e+02 1.4138402452e-01 8.9593553551e-03
3.5800000000e+02 1.5804486265e-01 8.5778570065e-03
3.5900000000e+02 1.5388228217e-01 7.8953011003e-03
3.6000000000e+02 1.4035612529e-01 7.1369721958e-03
3.6100000000e+02 1.4057049877e-01 7.8499841698e-03
3.6200000000e+02 1.4247348499e-01 8.3188152401e-03
3.6300000000e+02 1.4468346987e-01 7.8124013292e-03
3.6400000000e+02 1.3729992342e-01 7.8214136652e-03
3.6500000000e+02 1.4605873701e-01 7.7446309937e-03
3.6600000000e+02 1.4051657370e-01 7.0941545383e-03
3.6700000000e+02 1.4304908695e-01 7.2670058330e-03
3.6800000000e+02 1.3965021044e-01 7.6308968985e-03
3.6900000000e+02 1.3778005724e-01 8.4679381277e-03
3.7000000000e+02 1.4097377799e-01 7.2881125289e-03
3.7100000000e+02 1.3815439261e-01 6.4695759985e-03
3.7200000000e+02 1.4577637628e-01 8.1697758735e-03
3.7300000000e+02 1.4251810648e-01 8.2581075173e-03
3.7400000000e+02 1.4710819401e-01 7.5427012358e-03
3.7500000000e+02 1.3703360255e-01 7.3745711749e-03
3.7600000000e+02 1.3731802020e-01 7.7968585904e-03
3.7700000000e+02 1.4461741404e-01 7.2586344260e-03
3.7800000000e+02 1.4641754344e-01 6.9534624606e-03
3.7900000000e+02 1.4223683254e-01 7.6473761311e-03
3.8000000000e+02 1.4744861265e-01 7.5468530273e-03
3.8100000000e+02 1.4966041637e-01 6.8682942189e-03
3.8200000000e+02 1.3926331851e-01 7.2312330559e-03
3.8300000000e+02 1.4092208197e-01 7.4041660560e-03
3.8400000000e+02 1.5077138426e-01 7.9644609353e-03
3.8500000000e+02 1.5534845038e-01 8.5736684515e-03
3.8600000000e+02 1.5227052725e-01 8.4279271605e-03
3.8700000000e+02 1.4888580096e-01 7.1652120159e-03
3.8800000000e+02 1.4244323628e-01 7.6418471703e-03
3.8900000000e+02 1.3184570572e-01 7.1909112886e-03
3.9000000000e+02 1.2937042273e-01 6.6970888819e-03
3.9100000000e+02 1.3975223060e-01 6.9993978562e-03
3.9200000000e+02 1.4664288325e-01 7.8059510328e-03
3.9300000000e+02 1.3708136557e-01 8.4641951356e-03
3.9400000000e+02 1.3631406561e-01 7.4957203961e-03
3.9500000000e+02 1.3452852110e-01 7.0158197633e-03
3.9600000000e+02 1.4179403334e-01 7.6750450984e-03
3.9700000000e+02 1.4707393199e-01 7.7908460696e-03
3.9800000000e+02 1.3898845178e-01 7.2767445801e-03
3.9900000000e+02 1.4101010493e-01 7.6868635360e-03
4.0000000000e+02 1.2583958932e-01 8.2469631427e-03
4.0100000000e+02 1.2862025206e-01 7.4958488587e-03
4.0200000000e+02 1.3691479295e-01 7.0273706964e-03
4.0300000000e+02 1.3562358668e-01 7.2074367222e-03
4.0400000000e+02 1.3765154225e-01 7.4295260826e-03
4.0500000000e+02 1.3884516684e-01 7.2478064530e-03
4.0600000000e+02 1.3380540558e-01 7.5291413971e-03
4.0700000000e+02 1.3559016656e-01 7.0471404373e-03
4.0800000000e+02 1.3942121540e-01 8.3489317066e-03
4.0900000000e+02 1.4635340188e-01 7.4448999517e-03
4.1000000000e+02 1.3777684346e-01 7.2329705622e-03
4.1100000000e+02 1.2738838447e-01 6.9727205164e-03
4.1200000000e+02 1.3042397472e-01 7.1298739277e-03
4.1300000000e+02 1.3149282672e-01 6.2939233270e-03
4.1400000000e+02 1.4413253068e-01 6.6631890429e-03
4.1500000000e+02 1.3632509979e-01 6.9572039274e-03
4.1600000000e+02 1.3655482320e-01 7.4586995650e-03
4.1700000000e+02 1.4242846017e-01 7.2879228414e-03
4.1800000000e+02 1.3957813024e-01 6.5573594611e-03
4.1900000000e+02 1.4452382081e-01 6.6382583742e-03
4.2000000000e+02 1.3996105003e-01 6.8724361774e-03
4.2100000000e+02 1.4005431526e-01 7.1559897468e-03
4.2200000000e+02 1.3545507985e-01 6.9497514984e-03
4.2300000000e+02 1.4510143062e-01 7.9385956941e-03
4.2400000000e+02 1.4020293624e-01 8.0153072952e-03
4.2500000000e+02 1.3712616969e-01 8.0815715914e-03
4.2600000000e+02 1.3680144140e-01 8.0901908580e-03
4.2700000000e+02 1.3478823771e-01 8.1433601247e-03
4.2800000000e+02 1.3066474997e-01 7.5621926226e-03
4.2900000000e+02 1.3733087790e-01 7.8409486041e-03
4.3000000000e+02 1.4317075532e-01 7.7691098779e-03
4.3100000000e+02 1.4330833112e-01 7.0543841836e-03
4.3200000000e+02 1.4669611207e-01 7.5497521472e-03
4.3300000000e+02 1.4151596122e-01 8.0051012893e-03
4.3400000000e+02 1.4310843968e-01 7.0574309365e-03
4.3500000000e+02 1.4504478542e-01 7.3023138791e-03
4.3600000000e+02 1.3349934528e-01 6.3403554927e-03
4.3700000000e+02 1.3402814930e-01 6.4668971017e-03
4.3800000000e+02 1.3750685405e-01 7.4270400516e-03
4.3900000000e+02 1.3764583889e-01 7.4095894122e-03
4.4000000000e+02 1.4776832248e-01 7.3599063113e-03
4.4100000000e+02 1.4278531033e-01 6.8851060765e-03
4.4200000000e+02 1.4162679859e-01 7.6243439672e-03
4.4300000000e+02 1.3870976724e-01 7.0986741311e-03
4.4400000000e+02 1.3563858448e-01 6.8250296980e-03
4.4500000000e+02 1.4626597641e-01 6.9557286323e-03
4.4600000000e+02 1.4555878088e-01 6.5482261206e-03
4.4700000000e+02 1.4559842975e-01 6.7879404878e-03
4.4800000000e+02 1.3342237303e-01 7.0837340977e-03
4.4900000000e+02 1.2789862985e-01 6.3405044277e-03
4.5000000000e+02 1.2467842243e-01 6.8047400352e-03
4.5100000000e+02 1.1999473485e-01 6.8975221383e-03
4.5200000000e+02 1.2655611234e-01 6.4683655195e-03
4.5300000000e+02 1.2800426112e-01 7.1081269968e-03
4.5400000000e+02 1.2434882339e-01 7.0228992465e-03
4.5500000000e+02 1.2734843917e-01 7.0503706356e-03
4.5600000000e+02 1.3671337748e-01 6.7600564030e-03
4.5700000000e+02 1.3691586805e-01 6.8718619530e-03
4.5800000000e+02 1.3694704905e-01 7.4019018147e-03
4.5900000000e+02 1.3920083275e-01 7.3864204324e-03
4.6000000000e+02 1.3599958159e-01 7.1859481610e-03
4.6100000000e+02 1.3177022103e-01 7.0668160775e-03
4.6200000000e+02 1.4218948590e-01 7.2610474319e-03
4.6300000000e+02 1.3266363381e-01 6.9738188565e-03
4.6400000000e+02 1.3567010404e-01 6.9996329852e-03
4.6500000000e+02 1.3324731094e-01 7.1222712414e-03
4.6600000000e+02 1.3491650074e-01 7.0931575328e-03
4.6700000000e+02 1.3440431599e-01 6.6176166550e-03
4.6800000000e+02 1.4032910824e-01 7.8140074387e-03
4.6900000000e+02 1.3704425670e-01 8.2717916139e-03
4.7000000000e+02 1.4438777093e-01 7.8062976005e-03
4.7100000000e+02 1.5087002661e-01 6.5010675180e-03
4.7200000000e+02 1.5019853239e-01 7.7233950148e-03
4.7300000000e+02 1.4210526867e-01 5.9494160793e-03
4.7400000000e+02 1.4258705130e-01 6.6126758147e-03
4.7500000000e+02 1.4112988934e-01 7.0098558282e-03
4.7600000000e+02 1.4157360754e-01 6.0486715065e-03
4.7700000000e+02 1.3695652951e-01 6.7244378749e-03
4.7800000000e+02 1.2586177802e-01 6.8796501541e-03
4.7900000000e+02 1.3978798839e-01 6.9076825995e-03
4.8000000000e+02 1.3315673292e-01 7.2748967750e-03
4.8100000000e+02 1.3402573143e-01 6.8853585509e-03
4.8200000000e+02 1.4192643942e-01 7.0414763711e-03
4.8300000000e+02 1.3909831490e-01 8.1246046793e-03
4.8400000000e+02 1.4152338865e-01 7.7785244804e-03
4.8500000000e+02 1.2806113609e-01 6.6375899854e-03
4.8600000000e+02 1.2895059814e-01 7.0306829136e-03
4.8700000000e+02 1.3579080923e-01 6.0842675596e-03
4.8800000000e+02 1.3230669941e-01 7.0590414841e-03
4.8900000000e+02 1.3387791791e-01 6.3570855442e-03
4.9000000000e+02 1.2952012733e-01 6.9553211166e-03
4.9100000000e+02 1.3776398487e-01 7.2691288811e-03
4.9200000000e+02 1.3789983200e-01 7.1866545654e-03
4.9300000000e+02 1.4045125827e-01 7.6561878701e-03
4.9400000000e+02 1.4102597350e-01 7.3005864086e-03
4.9500000000e+02 1.3857472793e-01 6.3411268096e-03
4.9600000000e+02 1.3120422313e-01 5.8499321729e-03
4.9700000000e+02 1.2588459049e-01 5.9455007482e-03
4.9800000000e+02 1.3198636601e-01 5.7764047862e-03
4.9900000000e+02 1.3193092512e-01 5.9613868560e-03
5.0000000000e+02 1.2737406279e-01 6.7860756786e-03
5.0100000000e+02 1.2989340059e-01 6.3235974385e-03
5.0200000000e+02 1.2458896509e-01 7.0848765820e-03
5.0300000000e+02 1.3201386465e-01 6.1423680025e-03
5.0400000000e+02 1.3034318076e-01 6.7094230634e-03
5.0500000000e+02 1.4076131978e-01 6.5203841819e-03
5.0600000000e+02 1.3712740965e-01 8.4011292359e-03
5.0700000000e+02 1.3314441657e-01 7.0176155771e-03
5.0800000000e+02 1.2370519735e-01 6.4767882737e-03
5.0900000000e+02 1.2991866674e-01 7.1268187940e-03
5.1000000000e+02 1.1954841965e-01 7.1089809248e-03
5.1100000000e+02 1.3228604883e-01 7.3912983252e-03
5.1200000000e+02 1.2905966434e-01 6.3988698862e-03
5.1300000000e+02 1.3242988559e-01 7.7411731809e-03
5.1400000000e+02 1.2760886211e-01 7.4518041854e-03
5.1500000000e+02 1.1969837782e-01 7.0102370406e-03
5.1600000000e+02 1.1859892691e-01 6.3865304439e-03
5.1700000000e+02 1.1796550000e-01 6.6986009672e-03
5.1800000000e+02 1.2685319133e-01 6.6154323204e-03
5.1900000000e+02 1.3291849853e-01 6.9904331551e-03
5.2000000000e+02 1.2665287388e-01 7.0159457509e-03
5.2100000000e+02 1.2571870460e-01 6.8920107795e-03
5.2200000000e+02 1.3785794374e-01 6.4738132301e-03
5.2300000000e+02 1.2872682923e-01 6.3692361172e-03
5.2400000000e+02 1.2885381843e-01 6.3837340628e-03
5.2500000000e+02 1.3352358625e-01 6.8747015229e-03
5.2600000000e+02 1.3207583578e-01 7.2804966952e-03
5.2700000000e+02 1.3591843146e-01 7.0871406706e-03
5.2800000000e+02 1.4022180290e-01 7.3780722573e-03
5.2900000000e+02 1.3680744048e-01 6.8378380255e-03
5.3000000000e+02 1.2360152027e-01 6.8744429576e-03
5.3100000000e+02 1.3247606623e-01 7.5092465280e-03
5.3200000000e+02 1.2398632367e-01 6.8226552092e-03
5.3300000000e+02 1.2810329251e-01 5.6603701158e-03
5.3400000000e+02 1.2984898682e-01 6.9445387659e-03
5.3500000000e+02 1.3471242647e-01 6.9662443283e-03
5.3600000000e+02 1.3293499719e-01 7.0965128290e-03
5.3700000000e+02 1.3228720625e-01 6.3225376234e-03
5.3800000000e+02 1.2641773074e-01 6.4348039705e-03
5.3900000000e+02 1.3022638782e-01 5.8573560223e-03
5.4000000000e+02 1.2517957963e-01 6.6630192679e-03
5.4100000000e+02 1.2806859686e-01 7.1316699071e-03
5.4200000000e+02 1.3569689441e-01 6.3546215147e-03
5.4300000000e+02 1.2815262380e-01 6.5752483910e-03
5.4400000000e+02 1.2268302676e-01 6.7364277539e-03
5.4500000000e+02 1.2595122140e-01 6.9515633694e-03
5.4600000000e+02 1.2841380709e-01 6.7938868508e-03
5.4700000000e+02 1.2835053271e-01 7.1060092585e-03
5.4800000000e+02 1.3379287151e-01 6.4185964263e-03
5.4900000000e+02 1.3781303920e-01 6.5632415080e-03
5.5000000000e+02 1.3063705885e-01 6.5268529911e-03
5.5100000000e+02 1.3011950885e-01 6.6905950387e-03
5.5200000000e+02 1.3935819990e-01 6.8396246897e-03
5.5300000000e+02 1.4273448830e-01 6.9436315874e-03
5.5400000000e+02 1.3863281382e-01 7.2646006912e-03
5.5500000000e+02 1.2748552587e-01 6.6199296977e-03
5.5600000000e+02 1.2908335364e-01 6.9302501726e-03
5.5700000000e+02 1.2817207443e-01 6.7603135084e-03
5.5800000000e+02 1.3052132870e-01 7.3156875618e-03
5.5900000000e+02 1.3004841243e-01 6.7626946665e-03
5.6000000000e+02 1.2983820985e-01 7.1145005412e-03
5.6100000000e+02 1.2538445792e-01 6.7740563242e-03
5.6200000000e+02 1.3027046434e-01 6.4470871942e-03
5.6300000000e+02 1.2801253330e-01 6.3099149068e-03
5.6400000000e+02 1.2635204804e-01 6.4704602719e-03
5.6500000000e+02 1.1358085767e-01 5.7402702906e-03
5.6600000000e+02 1.1802941985e-01 6.4037534117e-03
5.6700000000e+02 1.1908817037e-01 6.5068845661e-03
5.6800000000e+02 1.2080949338e-01 6.3892225610e-03
5.6900000000e+02 1.2647769761e-01 7.0415598825e-03
5.7000000000e+02 1.2657963458e-01 7.4205563097e-03
5.7100000000e+02 1.2123368570e-01 6.6565324105e-03
5.7200000000e+02 1.2443077900e-01 6.2421903183e-03
5.7300000000e+02 1.2660080002e-01 6.7963547261e-03
5.7400000000e+02 1.1887443143e-01 6.9423578016e-03
5.7500000000e+02 1.2530945320e-01 5.9901107002e-03
5.7600000000e+02 1.2010252326e-01 6.5115071255e-03
5.7700000000e+02 1.2295064245e-01 7.0352629553e-03
5.7800000000e+02 1.2504293721e-01 7.1905244347e-03
5.7900000000e+02 1.2793685305e-01 6.5395595383e-03
5.8000000000e+02 1.3497106189e-01 6.6411711056e-03
5.8100000000e+02 1.2990308955e-01 6.3090823694e-03
5.8200000000e+02 1.2932167003e-01 6.8845266263e-03
5.8300000000e+02 1.3118794256e-01 6.6743305038e-03
5.8400000000e+02 1.2127929278e-01 6.4662203938e-03
5.8500000000e+02 1.1802854080e-01 6.7189371269e-03
5.8600000000e+02 1.2390099625e-01 6.5617189988e-03
5.8700000000e+02 1.2099988225e-01 6.3178624245e-03
5.8800000000e+02 1.2307649862e-01 5.7672761924e-03
5.8900000000e+02 1.2292756047e-01 5.9647220571e-03
5.9000000000e+02 1.2986201234e-01 6.7159390532e-03
5.9100000000e+02 1.2699955007e-01 5.5383546607e-03
5.9200000000e+02 1.2172909966e-01 5.7508870987e-03
5.9300000000e+02 1.2303858823e-01 6.4761056221e-03
5.9400000000e+02 1.1774388403e-01 6.7563669133e-03
5.9500000000e+02 1.1226230044e-01 6.3858060111e-03
5.9600000000e+02 1.1762396667e-01 6.8297490485e-03
5.9700000000e+02 1.1375314082e-01 5.6730844151e-03
5.9800000000e+02 1.2288622290e-01 6.3419956223e-03
5.9900000000e+02 1.1516644338e-01 6.4127871887e-03
6.0000000000e+02 1.1733748075e-01 6.1427645595e-03
6.0100000000e+02 1.1908459590e-01 6.0797375056e-03
6.0200000000e+02 1.1897499366e-01 6.1780841195e-03
6.0300000000e+02 1.2762541084e-01 6.0166387801e-03
6.0400000000e+02 1.2745440702e-01 6.5612721925e-03
6.0500000000e+02 1.2344245373e-01 5.6737077529e-03
6.0600000000e+02 1.1599460397e-01 5.3566921615e-03
6.0700000000e+02 1.1545518920e-01 5.9709134720e-03
6.0800000000e+02 1.1592972974e-01 6.5763565523e-03
6.0900000000e+02 1.1417100072e-01 6.1160793505e-03
6.1000000000e+02 1.1747567336e-01 6.1082960455e-03
6.1100000000e+02 1.1308771387e-01 6.6969023143e-03
6.1200000000e+02 1.1864236485e-01 6.1112756041e-03
6.1300000000e+02 1.2898989179e-01 5.8647012197e-03
6.1400000000e+02 1.2721383843e-01 5.8075868698e-03
6.1500000000e+02 1.2502428014e-01 6.4097402645e-03
6.1600000000e+02 1.2899122568e-01 6.3994619252e-03
6.1700000000e+02 1.2751470474e-01 6.6055477466e-03
6.1800000000e+02 1.2540016916e-01 6.5184568673e-03
6.1900000000e+02 1.2171844688e-01 6.0760939030e-03
6.2000000000e+02 1.2483835961e-01 6.4682902186e-03
6.2100000000e+02 1.3145576094e-01 6.9840588095e-03
6.2200000000e+02 1.2958699795e-01 6.6039016458e-03
6.2300000000e+02 1.2489835013e-01 6.6417657213e-03
6.2400000000e+02 1.2258554488e-01 6.5046472130e-03
6.2500000000e+02 1.2438738780e-01 6.8483288525e-03
6.2600000000e+02 1.1904392262e-01 6.7912265475e-03
6.2700000000e+02 1.1763856064e-01 6.4865843084e-03
6.2800000000e+02 1.1851409537e-01 5.9080158608e-03
6.2900000000e+02 1.2410259764e-01 6.8997550097e-03
6.3000000000e+02 1.2696977066e-01 6.1603732031e-03
6.3100000000e+02 1.2346323605e-01 6.2841567919e-03
6.3200000000e+02 1.2948585854e-01 6.9830323802e-03
6.3300000000e+02 1.2890437189e-01 6.6730970333e-03
6.3400000000e+02 1.1921401198e-01 6.3826379268e-03
6.3500000000e+02 1.2645143602e-01 6.4657550485e-03
6.3600000000e+02 1.2341701798e-01 6.2267091815e-03
6.3700000000e+02 1.1710095630e-01 6.1199883977e-03
6.3800000000e+02 1.1571850839e-01 5.9300765148e-03
6.3900000000e+02 1.1550364929e-01 6.2630536317e-03
6.4000000000e+02 1.2491105801e-01 6.4328192957e-03
6.4100000000e+02 1.2423200584e-01 6.6009570232e-03
6.4200000000e+02 1.2467736848e-01 6.5230001285e-03
6.4300000000e+02 1.2835770519e-01 6.2851031766e-03
6.4400000000e+02 1.2751325181e-01 6.5386505392e-03
6.4500000000e+02 1.3634721421e-01 6.7276181274e-03
6.4600000000e+02 1.2840217671e-01 6.2926349190e-03
6.4700000000e+02 1.2959452232e-01 6.4665102746e-03
6.4800000000e+02 1.2634968579e-01 6.5709516167e-03
6.4900000000e+02 1.2465301174e-01 7.4137039653e-03
6.5000000000e+02 1.2258944548e-01 6.9625206044e-03
6.5100000000e+02 1.1645956683e-01 6.7607441432e-03
6.5200000000e+02 1.1949020534e-01 6.5952141102e-03
6.5300000000e+02 1.2073306245e-01 6.3287606441e-03
6.5400000000e+02 1.2509783502e-01 6.3093353274e-03
6.5500000000e+02 1.1928772774e-01 6.5494600675e-03
6.5600000000e+02 1.2898054251e-01 6.9578067311e-03
6.5700000000e+02 1.2773677510e-01 7.0432954119e-03
6.5800000000e+02 1.3005564216e-01 6.6668698491e-03
6.5900000000e+02 1.3078011730e-01 6.3695386855e-03
6.6000000000e+02 1.1918182749e-01 6.1661463174e-03
6.6100000000e+02 1.1762800942e-01 6.3167543643e-03
6.6200000000e+02 1.1558757448e-01 5.6784830677e-03
6.6300000000e+02 1.1986104285e-01 5.8097021707e-03
6.6400000000e+02 1.2644789071e-01 6.7649149536e-03
6.6500000000e+02 1.3212074145e-01 7.2967136187e-03
6.6600000000e+02 1.2973871582e-01 6.5039577875e-03
6.6700000000e+02 1.3232216039e-01 6.6299354018e-03
6.6800000000e+02 1.2829668046e-01 6.6934765054e-03
6.6900000000e+02 1.3098147847e-01 6.7855096661e-03
6.7000000000e+02 1.2512563059e-01 6.2019459615e-03
6.7100000000e+02 1.3037605844e-01 5.6814147570e-03
6.7200000000e+02 1.3440901868e-01 5.9090941053e-03
6.7300000000e+02 1.2988859644e-01 6.1615996988e-03
6.7400000000e+02 1.3204239711e-01 5.4636654639e-03
6.7500000000e+02 1.3326631763e-01 6.3368316565e-03
6.7600000000e+02 1.3166190738e-01 6.4629569564e-03
6.7700000000e+02 1.3698713155e-01 6.5589498403e-03
6.7800000000e+02 1.2866920095e-01 6.1120299333e-03
6.7900000000e+02 1.3459797001e-01 7.2579660394e-03
6.8000000000e+02 1.3537854547e-01 7.0553173373e-03
6.8100000000e+02 1.3292875047e-01 6.7372895975e-03
6.8200000000e+02 1.4415917827e-01 6.9712833457e-03
6.8300000000e+02 1.2814311783e-01 6.1631812909e-03
6.8400000000e+02 1.2420471573e-01 6.0575332513e-03
6.8500000000e+02 1.2759879077e-01 5.9735676611e-03
6.8600000000e+02 1.3033819123e-01 6.8365151684e-03
6.8700000000e+02 1.3474456760e-01 6.8876300234e-03
6.8800000000e+02 1.2643569967e-01 6.6053101056e-03
6.8900000000e+02 1.1998699931e-01 6.2366018073e-03
6.9000000000e+02 1.2098613840e-01 6.6440610662e-03
6.9100000000e+02 1.2017256082e-01 6.4058116721e-03
6.9200000000e+02 1.1601544401e-01 6.4444126767e-03
6.9300000000e+02 1.2731212980e-01 6.5066633656e-03
6.9400000000e+02 1.1480855970e-01 6.9343565262e-03
6.9500000000e+02 1.2090083726e-01 7.4918295950e-03
6.9600000000e+02 1.2268872685e-01 7.1171461818e-03
6.9700000000e+02 1.3015207649e-01 7.9257562779e-03
6.9800000000e+02 1.2404533171e-01 7.0760496066e-03
6.9900000000e+02 1.2218406668e-01 5.8653428963e-03
7.0000000000e+02 1.2897649535e-01 6.0245318471e-03
7.0100000000e+02 1.2444123319e-01 6.1074516197e-03
7.0200000000e+02 1.3403809692e-01 6.6607766022e-03
7.0300000000e+02 1.3015750054e-01 6.1798146847e-03
7.0400000000e+02 1.2045434756e-01 6.0089008502e-03
7.0500000000e+02 1.2148790054e-01 5.6307981888e-03
7.0600000000e+02 1.1575620386e-01 6.6083078105e-03
7.0700000000e+02 1.3147407906e-01 6.4076831358e-03
7.0800000000e+02 1.3166510119e-01 7.0585543959e-03
7.0900000000e+02 1.3110658043e-01 6.6513544339e-03
7.1000000000e+02 1.2824051137e-01 6.5359120833e-03
7.1100000000e+02 1.2324184562e-01 5.7139011268e-03
7.1200000000e+02 1.2171786102e-01 6.4858864914e-03
7.1300000000e+02 1.2920565007e-01 6.6775646175e-03
7.1400000000e+02 1.3865992586e-01 7.4517263062e-03
7.1500000000e+02 1.2976816823e-01 6.6271081919e-03
7.1600000000e+02 1.3728378744e-01 7.7062123803e-03
7.1700000000e+02 1.2837506550e-01 6.8871201421e-03
7.1800000000e+02 1.2043013989e-01 6.5674445530e-03
7.1900000000e+02 1.3000961178e-01 5.9072640219e-03
7.2000000000e+02 1.3164764111e-01 6.3825136183e-03
7.2100000000e+02 1.3137143076e-01 6.5937631469e-03
7.2200000000e+02 1.2908136622e-01 6.4870756488e-03
7.2300000000e+02 1.2252433721e-01 7.2442557611e-03
7.2400000000e+02 1.3021239976e-01 6.5350266614e-03
7.2500000000e+02 1.2463585340e-01 6.5325865192e-03
7.2600000000e+02 1.2170794394e-01 6.9234323834e-03
7.2700000000e+02 1.2752500047e-01 6.4698059327e-03
7.2800000000e+02 1.2599583726e-01 6.7908670725e-03
7.2900000000e+02 1.2346436337e-01 6.8122864673e-03
7.3000000000e+02 1.1884988123e-01 7.2212390816e-03
7.3100000000e+02 1.1313529236e-01 6.7592206185e-03
7.3200000000e+02 1.1503895915e-01 6.7641508762e-03
7.3300000000e+02 1.1551876750e-01 6.9956973057e-03
7.3400000000e+02 1.1882672425e-01 7.3745565672e-03
7.3500000000e+02 1.2291712676e-01 7.2889516397e-03
7.3600000000e+02 1.2839225969e-01 6.7767788208e-03
7.3700000000e+02 1.2706456273e-01 6.9773685766e-03
7.3800000000e+02 1.2523093373e-01 7.2395771783e-03
7.3900000000e+02 1.2533802642e-01 7.5179792139e-03
7.4000000000e+02 1.2532589621e-01 6.9802535069e-03
7.4100000000e+02 1.3053161790e-01 6.5595480769e-03
7.4200000000e+02 1.3299130086e-01 6.7659056192e-03
7.4300000000e+02 1.2261595782e-01 7.4362291364e-03
7.4400000000e+02 1.1403954381e-01 6.6860761721e-03
7.4500000000e+02 1.1669858897e-01 6.8501876499e-03
7.4600000000e+02 1.1806230901e-01 6.3293173065e-03
7.4700000000e+02 1.2346288919e-01 6.3493461004e-03
7.4800000000e+02 1.2017078340e-01 6.1475466144e-03
7.4900000000e+02 1.2313786521e-01 6.8384678200e-03
7.5000000000e+02 1.2880273327e-01 7.4145221377e-03
7.5100000000e+02 1.2571647329e-01 7.8374686935e-03
7.5200000000e+02 1.2744778616e-01 7.2885688925e-03
7.5300000000e+02 1.1376376857e-01 6.3305717946e-03
7.5400000000e+02 1.1692598142e-01 6.2704475766e-03
7.5500000000e+02 1.2512489859e-01 6.2436009737e-03
7.5600000000e+02 1.1947149191e-01 6.2452164413e-03
7.5700000000e+02 1.1955572457e-01 6.4485309116e-03
7.5800000000e+02 1.1605333863e-01 5.8123411838e-03
7.5900000000e+02 1.2381286060e-01 6.7413733407e-03
7.6000000000e+02 1.2186727581e-01 7.2817215123e-03
7.6100000000e+02 1.1926893343e-01 6.8823863074e-03
7.6200000000e+02 1.1670607449e-01 7.0251169853e-03
7.6300000000e+02 1.3133705481e-01 6.9817719464e-03
7.6400000000e+02 1.2602206892e-01 6.6848372180e-03
7.6500000000e+02 1.2444136815e-01 6.7247472486e-03
7.6600000000e+02 1.1874021432e-01 6.0695744397e-03
7.6700000000e+02 1.1885218943e-01 7.0581406982e-03
7.6800000000e+02 1.3029468349e-01 7.1943042241e-03
7.6900000000e+02 1.2328459268e-01 6.6481235566e-03
7.7000000000e+02 1.2746469363e-01 7.4037431595e-03
7.7100000000e+02 1.2856774561e-01 6.7524035306e-03
7.7200000000e+02 1.3265589226e-01 6.9293489037e-03
7.7300000000e+02 1.1896590486e-01 6.7658226604e-03
7.7400000000e+02 1.2105904296e-01 7.0495545523e-03
7.7500000000e+02 1.1735621546e-01 7.0440664902e-03
7.7600000000e+02 1.1410431304e-01 6.8458226425e-03
7.7700000000e+02 1.2242996723e-01 6.5901788651e-03
7.7800000000e+02 1.1584235835e-01 6.1677606090e-03
7.7900000000e+02 1.2483241189e-01 6.5078983406e-03
7.8000000000e+02 1.2842621668e-01 6.9146802096e-03
7.8100000000e+02 1.2383396508e-01 6.5732096134e-03
7.8200000000e+02 1.2500358308e-01 6.2598360352e-03
7.8300000000e+02 1.2531414904e-01 6.4037190661e-03
7.8400000000e+02 1.2439239912e-01 6.5611283833e-03
7.8500000000e+02 1.1907611015e-01 6.6766348848e-03
7.8600000000e+02 1.1994461726e-01 6.7814373644e-03
7.8700000000e+02 1.2204645359e-01 6.9792697565e-03
7.8800000000e+02 1.2094569265e-01 7.1299594522e-03
7.8900000000e+02 1.1954285227e-01 6.4625253304e-03
7.9000000000e+02 1.2168432447e-01 6.3490754304e-03
7.9100000000e+02 1.2458699364e-01 6.8433130422e-03
7.9200000000e+02 1.2006023332e-01 6.5864020695e-03
7.9300000000e+02 1.1671936314e-01 6.9578175134e-03
7.9400000000e+02 1.1655814610e-01 6.5438539678e-03
7.9500000000e+02 1.2369750213e-01 6.8766290400e-03
7.9600000000e+02 1.3069121844e-01 7.2158378040e-03
7.9700000000e+02 1.2682324285e-01 7.0669199548e-03
7.9800000000e+02 1.2336716147e-01 6.8453176207e-03
7.9900000000e+02 1.2308253036e-01 6.2233538026e-03
8.0000000000e+02 1.1708262696e-01 6.2559449376e-03
8.0100000000e+02 1.1400415120e-01 6.2957793924e-03
8.0200000000e+02 1.1379548161e-01 6.2885540001e-03
8.0300000000e+02 1.1459211076e-01 6.1845293693e-03
8.0400000000e+02 1.1879768617e-01 6.4753368115e-03
8.0500000000e+02 1.1847401694e-01 6.6476579453e-03
8.0600000000e+02 1.2200745354e-01 6.4989081400e-03
8.0700000000e+02 1.2012205060e-01 6.8952135486e-03
8.0800000000e+02 1.2276661910e-01 6.9003828671e-03
8.0900000000e+02 1.2584404382e-01 7.1632174191e-03
8.1000000000e+02 1.2304984047e-01 6.9076010364e-03
8.1100000000e+02 1.1416470689e-01 6.4613798311e-03
8.1200000000e+02 1.1724825905e-01 6.2187002073e-03
8.1300000000e+02 1.1284194879e-01 6.4191382929e-03
8.1400000000e+02 1.0708557975e-01 6.3004668145e-03
8.1500000000e+02 1.1397742079e-01 6.4967440379e-03
8.1600000000e+02 1.1481284996e-01 6.5488251521e-03
8.1700000000e+02 1.2870186404e-01 7.3720844722e-03
8.1800000000e+02 1.2441325462e-01 7.0145095254e-03
8.1900000000e+02 1.3170597475e-01 6.6959242706e-03
8.2000000000e+02 1.2829598729e-01 6.3237779144e-03
8.2100000000e+02 1.1970699212e-01 5.4382631031e-03
8.2200000000e+02 1.2255441092e-01 6.2396905240e-03
8.2300000000e+02 1.1817192378e-01 6.1123616727e-03
8.2400000000e+02 1.1126023998e-01 5.9587891823e-03
8.2500000000e+02 1.2164982365e-01 6.0418414945e-03
8.2600000000e+02 1.3130130237e-01 7.1546855790e-03
8.2700000000e+02 1.3033465496e-01 8.1665184931e-03
8.2800000000e+02 1.2728057781e-01 7.1938410534e-03
8.2900000000e+02 1.1429176829e-01 6.0443913937e-03
8.3000000000e+02 1.1230415554e-01 5.9951937851e-03
8.3100000000e+02 1.1913799342e-01 6.6117794297e-03
8.3200000000e+02 1.1555296481e-01 6.3244951421e-03
8.3300000000e+02 1.2421989992e-01 6.3963584816e-03
8.3400000000e+02 1.2594744311e-01 6.3657582414e-03
8.3500000000e+02 1.1717203656e-01 6.3986964015e-03
8.3600000000e+02 1.2155745522e-01 5.8744545812e-03
8.3700000000e+02 1.2603132560e-01 6.7133885998e-03
8.3800000000e+02 1.2747094304e-01 6.9814465427e-03
8.3900000000e+02 1.2200454811e-01 6.6450952165e-03
8.4000000000e+02 1.2180224627e-01 6.5784133648e-03
8.4100000000e+02 1.2665187890e-01 6.0883676376e-03
8.4200000000e+02 1.2454300930e-01 6.3630481874e-03
8.4300000000e+02 1.1963669839e-01 5.9201793544e-03
8.4400000000e+02 1.2224222146e-01 6.8126652599e-03
8.4500000000e+02 1.2775126257e-01 7.2070510043e-03
8.4600000000e+02 1.2164888001e-01 6.6609105217e-03
8.4700000000e+02 1.1168052467e-01 6.5134112342e-03
8.4800000000e+02 1.1774147170e-01 7.2540119274e-03
8.4900000000e+02 1.1976081038e-01 6.6529720339e-03
8.5000000000e+02 1.2029009562e-01 6.2469368753e-03
8.5100000000e+02 1.2017112782e-01 6.2344298919e-03
8.5200000000e+02 1.2093966517e-01 6.2476218573e-03
8.5300000000e+02 1.2028080852e-01 5.7957631224e-03
8.5400000000e+02 1.1798877973e-01 6.0284018981e-03
8.5500000000e+02 1.1454263760e-01 5.7894244886e-03
8.5600000000e+02 1.0994498826e-01 6.2085353234e-03
8.5700000000e+02 1.1724311426e-01 6.6297876934e-03
8.5800000000e+02 1.3032391373e-01 6.6387142159e-03
8.5900000000e+02 1.3144564552e-01 7.1147180983e-03
8.6000000000e+02 1.2234135313e-01 6.9420191072e-03
8.6100000000e+02 1.2876964505e-01 6.7474423553e-03
8.6200000000e+02 1.2729830960e-01 6.6731832242e-03
8.6300000000e+02 1.2317125753e-01 6.6921561506e-03
8.6400000000e+02 1.1756839939e-01 6.0562991640e-03
8.6500000000e+02 1.1009248082e-01 6.2567596882e-03
8.6600000000e+02 1.0933703078e-01 6.1365280705e-03
8.6700000000e+02 1.0887366535e-01 6.0769818205e-03
8.6800000000e+02 1.1316093752e-01 6.3128701528e-03
8.6900000000e+02 1.1466675730e-01 6.5106653712e-03
8.7000000000e+02 1.2415221396e-01 6.3815183904e-03
8.7100000000e+02 1.2157030330e-01 7.1632598022e-03
8.7200000000e+02 1.2791593092e-01 6.7426937360e-03
8.7300000000e+02 1.2632141073e-01 6.2645294038e-03
8.7400000000e+02 1.2249685342e-01 6.5781920155e-03
8.7500000000e+02 1.1980584525e-01 5.7974021475e-03
8.7600000000e+02 1.2018801142e-01 5.9749025133e-03
8.7700000000e+02 1.1854006790e-01 6.4893279341e-03
8.7800000000e+02 1.1256156369e-01 6.9630561292e-03
8.7900000000e+02 1.3131657766e-01 6.8902433553e-03
8.8000000000e+02 1.2320254710e-01 6.1072525553e-03
8.8100000000e+02 1.2000282626e-01 6.2301078724e-03
8.8200000000e+02 1.1918439717e-01 6.5926549391e-03
8.8300000000e+02 1.2243979395e-01 6.2836669941e-03
8.8400000000e+02 1.1948716931e-01 6.4266875862e-03
8.8500000000e+02 1.2309893188e-01 6.2380481244e-03
8.8600000000e+02 1.1452996915e-01 5.5455025140e-03
8.8700000000e+02 1.2021591539e-01 5.9625368668e-03
8.8800000000e+02 1.2652784107e-01 6.9078925264e-03
8.8900000000e+02 1.2708100171e-01 6.4114017744e-03
8.9000000000e+02 1.2683201163e-01 7.2072292564e-03
8.9100000000e+02 1.2132056131e-01 6.9265937350e-03
8.9200000000e+02 1.2349599503e-01 6.4748217633e-03
8.9300000000e+02 1.1331719355e-01 5.7761971813e-03
8.9400000000e+02 1.2419457079e-01 6.3108581315e-03
8.9500000000e+02 1.2323569384e-01 5.9985562892e-03
8.9600000000e+02 1.2477862745e-01 6.3789459711e-03
8.9700000000e+02 1.2975774932e-01 6.4627890901e-03
8.9800000000e+02 1.2804449870e-01 6.7013382913e-03
8.9900000000e+02 1.2539843588e-01 6.6924183816e-03
9.0000000000e+02 1.1775732992e-01 6.2237857092e-03
9.0100000000e+02 1.1810178082e-01 6.1774574411e-03
9.0200000000e+02 1.2131378573e-01 6.8206040245e-03
9.0300000000e+02 1.2240089373e-01 6.4649809028e-03
9.0400000000e+02 1.2382492318e-01 6.3189088632e-03
9.0500000000e+02 1.2710690148e-01 6.5270910225e-03
9.0600000000e+02 1.1191643349e-01 5.8605363321e-03
9.0700000000e+02 1.1119968146e-01 6.1516366367e-03
9.0800000000e+02 1.1796845180e-01 5.9138649720e-03
9.0900000000e+02 1.2407416480e-01 6.9549668800e-03
9.1000000000e+02 1.1672469540e-01 6.2705686732e-03
9.1100000000e+02 1.1517502114e-01 6.4975722165e-03
9.1200000000e+02 1.1808923453e-01 6.0156532556e-03
9.1300000000e+02 1.1677050285e-01 6.7691614443e-03
9.1400000000e+02 1.1446866014e-01 6.5579294370e-03
9.1500000000e+02 1.1643165452e-01 6.5170290247e-03
9.1600000000e+02 1.2693891987e-01 6.1868870221e-03
9.1700000000e+02 1.2306293563e-01 6.3095808819e-03
9.1800000000e+02 1.2801708707e-01 6.9559112844e-03
9.1900000000e+02 1.2098833821e-01 6.7395426666e-03
9.2000000000e+02 1.0808512827e-01 6.2822758924e-03
9.2100000000e+02 1.1589962457e-01 6.6556552218e-03
9.2200000000e+02 1.2196666231e-01 7.1347061147e-03
9.2300000000e+02 1.2341646377e-01 6.7451630172e-03
9.2400000000e+02 1.2608992111e-01 5.9940670484e-03
9.2500000000e+02 1.1850567628e-01 5.7003547107e-03
9.2600000000e+02 1.2467934367e-01 6.0831151961e-03
9.2700000000e+02 1.2445354029e-01 6.2172632314e-03
9.2800000000e+02 1.1725391500e-01 6.5942184284e-03
9.2900000000e+02 1.2206767196e-01 6.4657234680e-03
9.3000000000e+02 1.1754102665e-01 6.1530740281e-03
9.3100000000e+02 1.1564842328e-01 6.4307538747e-03
9.3200000000e+02 1.2107393531e-01 6.3862696221e-03
9.3300000000e+02 1.1138868220e-01 6.3433810776e-03
9.3400000000e+02 1.1645872577e-01 6.6738913781e-03
9.3500000000e+02 1.2285719956e-01 6.9482193134e-03
9.3600000000e+02 1.1850980669e-01 6.7096094531e-03
9.3700000000e+02 1.1312771595e-01 6.4781244534e-03
9.3800000000e+02 1.1554760392e-01 6.2657376511e-03
9.3900000000e+02 1.1508924624e-01 5.4568083082e-03
9.4000000000e+02 1.1839506219e-01 5.4566989858e-03
9.4100000000e+02 1.2165499158e-01 6.4289986647e-03
9.4200000000e+02 1.2088025077e-01 5.8930162881e-03
9.4300000000e+02 1.2206420301e-01 6.4042508150e-03
9.4400000000e+02 1.2196564928e-01 6.3621325417e-03
9.4500000000e+02 1.2300035879e-01 6.5701158593e-03
9.4600000000e+02 1.2178515201e-01 6.7279891988e-03
9.4700000000e+02 1.2167555712e-01 7.1539775563e-03
9.4800000000e+02 1.1205432838e-01 6.7926162873e-03
9.4900000000e+02 1.1976445482e-01 7.3401972790e-03
9.5000000000e+02 1.1843795168e-01 7.2998323384e-03
9.5100000000e+02 1.1426695368e-01 6.7037195593e-03
9.5200000000e+02 1.1384611284e-01 5.3548170563e-03
9.5300000000e+02 1.0781936836e-01 5.7108523288e-03
9.5400000000e+02 1.1657983330e-01 5.8550772531e-03
9.5500000000e+02 1.1608537025e-01 5.3484878229e-03
9.5600000000e+02 1.1940031416e-01 5.1787031505e-03
9.5700000000e+02 1.2147371845e-01 6.1426286374e-03
9.5800000000e+02 1.3018433259e-01 6.3724189469e-03
9.5900000000e+02 1.3484509145e-01 6.3090236171e-03
9.6000000000e+02 1.1561321871e-01 5.8966262247e-03
9.6100000000e+02 1.0648807364e-01 5.7536091817e-03
9.6200000000e+02 1.1515741537e-01 6.0615210301e-03
9.6300000000e+02 1.2064324838e-01 6.3839240366e-03
9.6400000000e+02 1.1545379942e-01 5.6809169055e-03
9.6500000000e+02 1.1228943917e-01 5.4217634430e-03
9.6600000000e+02 1.1680957872e-01 5.7700630533e-03
9.6700000000e+02 1.1506083920e-01 5.2363173578e-03
9.6800000000e+02 1.1395281507e-01 6.6965737397e-03
9.6900000000e+02 1.1367184886e-01 6.1066789671e-03
9.7000000000e+02 1.1790729242e-01 6.7112447020e-03
9.7100000000e+02 1.1913846005e-01 5.3092308657e-03
9.7200000000e+02 1.1397859108e-01 4.9794027188e-03
9.7300000000e+02 1.0312336981e-01 5.7520706267e-03
9.7400000000e+02 1.1303641437e-01 5.9321657995e-03
9.7500000000e+02 1.1041586876e-01 5.8713823355e-03
9.7600000000e+02 1.1540730015e-01 5.9635685170e-03
9.7700000000e+02 1.1628044902e-01 5.9917922186e-03
9.7800000000e+02 1.1850861748e-01 6.7720361086e-03
9.7900000000e+02 1.1345547845e-01 6.5310150997e-03
9.8000000000e+02 1.1545961672e-01 6.4944385835e-03
9.8100000000e+02 1.1585613880e-01 6.2780309881e-03
9.8200000000e+02 1.1932518415e-01 6.1511101120e-03
9.8300000000e+02 1.1969753071e-01 5.6799629993e-03
9.8400000000e+02 1.1900125549e-01 5.1845513632e-03
9.8500000000e+02 1.1517916838e-01 6.4607013079e-03
9.8600000000e+02 1.2448760098e-01 6.3012388166e-03
9.8700000000e+02 1.1818841403e-01 6.0998687404e-03
9.8800000000e+02 1.1132787360e-01 6.2650955573e-03
9.8900000000e+02 1.1290506274e-01 5.5545155981e-03
9.9000000000e+02 1.1587373766e-01 5.5808449462e-03
9.9100000000e+02 1.1707549369e-01 5.7971648722e-03
9.9200000000e+02 1.1260813674e-01 6.0219532171e-03
9.9300000000e+02 1.2029095754e-01 5.3105215070e-03
9.9400000000e+02 1.1375601821e-01 5.6904658241e-03
9.9500000000e+02 1.0675401603e-01 5.3251472097e-03
9.9600000000e+02 1.1034144083e-01 5.2630369749e-03
9.9700000000e+02 1.1650632560e-01 5.0236902404e-03
9.9800000000e+02 1.2076203955e-01 5.4587293801e-03
9.9900000000e+02 1.2352138569e-01 5.5367175397e-03
