# index  mean  stderr
0.0000000000e+00 1.0000000000e+00 0.0000000000e+00
1.0000000000e+00 9.0595178200e-01 3.7766975999e-03
2.0000000000e+00 7.1776027888e-01 6.9957690422e-03
3.0000000000e+00 5.5006659675e-01 8.7444344274e-03
4.0000000000e+00 4.5031162183e-01 1.0104995103e-02
5.0000000000e+00 4.2218959567e-01 1.1896641143e-02
6.0000000000e+00 4.2301848362e-01 1.3297500748e-02
7.0000000000e+00 4.4221481031e-01 1.3925887466e-02
8.0000000000e+00 4.6357188933e-01 1.3391556529e-02
9.0000000000e+00 4.6688272684e-01 1.2504762919e-02
1.0000000000e+01 4.5976251708e-01 1.2782963150e-02
1.1000000000e+01 4.3841966260e-01 1.3256334396e-02
1.2000000000e+01 4.1913170614e-01 1.3758965825e-02
1.3000000000e+01 4.0970538738e-01 1.2961640563e-02
1.4000000000e+01 4.0993440267e-01 1.3216254271e-02
1.5000000000e+01 4.1260906263e-01 1.3180356728e-02
1.6000000000e+01 4.1517184268e-01 1.3064453364e-02
1.7000000000e+01 4.2151841234e-01 1.3319216410e-02
1.8000000000e+01 4.0699631144e-01 1.3718135863e-02
1.9000000000e+01 3.9385795383e-01 1.3336885420e-02
2.0000000000e+01 3.8007104100e-01 1.3244974309e-02
2.1000000000e+01 3.6231187442e-01 1.3025525173e-02
2.2000000000e+01 3.5829141097e-01 1.3283689406e-02
2.3000000000e+01 3.5542160204e-01 1.3649671929e-02
2.4000000000e+01 3.5836547093e-01 1.3241802150e-02
2.5000000000e+01 3.5530716150e-01 1.4083492609e-02
2.6000000000e+01 3.5105518397e-01 1.3378075857e-02
2.7000000000e+01 3.4703791871e-01 1.2937747786e-02
2.8000000000e+01 3.3520486537e-01 1.2782336191e-02
2.9000000000e+01 3.2242270488e-01 1.2429924740e-02
3.0000000000e+01 3.2033753210e-01 1.2633524419e-02
3.1000000000e+01 3.1427813165e-01 1.3058978786e-02
3.2000000000e+01 3.0316102256e-01 1.3038704574e-02
3.3000000000e+01 2.9445836038e-01 1.2455022141e-02
3.4000000000e+01 2.9378051126e-01 1.2209412658e-02
3.5000000000e+01 2.9201099758e-01 1.3639011961e-02
3.6000000000e+01 2.9452324099e-01 1.3669528277e-02
3.7000000000e+01 2.9020353463e-01 1.2878077813e-02
3.8000000000e+01 2.8505980401e-01 1.2206843379e-02
3.9000000000e+01 2.7221234261e-01 1.2126015485e-02
4.0000000000e+01 2.6485588417e-01 1.1804629900e-02
4.1000000000e+01 2.5570468634e-01 1.1458759668e-02
4.2000000000e+01 2.4858165337e-01 1.2123213868e-02
4.3000000000e+01 2.4495885106e-01 1.3136985264e-02
4.4000000000e+01 2.4463696139e-01 1.4078526558e-02
4.5000000000e+01 2.5009533814e-01 1.4024438595e-02
4.6000000000e+01 2.5239351313e-01 1.3180249837e-02
4.7000000000e+01 2.5651906262e-01 1.2293384637e-02
4.8000000000e+01 2.4889861844e-01 1.1925145225e-02
4.9000000000e+01 2.4496233939e-01 1.1867041806e-02
5.0000000000e+01 2.4527195919e-01 1.1768540915e-02
5.1000000000e+01 2.4956029524e-01 1.1766455624e-02
5.2000000000e+01 2.4661574155e-01 1.1565954252e-02
5.3000000000e+01 2.3731256803e-01 1.0890779824e-02
5.4000000000e+01 2.2207171669e-01 1.1663474575e-02
5.5000000000e+01 2.1731190299e-01 1.2075557359e-02
5.6000000000e+01 2.1851707169e-01 1.1760256041e-02
5.7000000000e+01 2.2179461695e-01 1.0616759108e-02
5.8000000000e+01 2.2415990182e-01 1.0810520737e-02
5.9000000000e+01 2.2617404211e-01 1.0761577464e-02
6.0000000000e+01 2.1951025717e-01 1.1089213762e-02
6.1000000000e+01 2.1506600955e-01 1.1168945314e-02
6.2000000000e+01 2.1080259493e-01 1.1029940448e-02
6.3000000000e+01 2.0321747650e-01 9.9607099540e-03
6.4000000000e+01 1.9834344939e-01 9.5932103203e-03
6.5000000000e+01 1.9137209192e-01 9.6262787151e-03
6.6000000000e+01 1.9013467498e-01 1.0393965943e-02
6.7000000000e+01 1.9153953583e-01 1.0805512346e-02
6.8000000000e+01 1.9045807948e-01 1.0447609613e-02
6.9000000000e+01 1.9287184123e-01 9.7174913662e-03
7.0000000000e+01 1.9482179380e-01 1.0489712133e-02
7.1000000000e+01 1.9622843790e-01 1.0341209625e-02
7.2000000000e+01 1.8780536530e-01 1.0163672909e-02
7.3000000000e+01 1.7750347636e-01 8.8989283217e-03
7.4000000000e+01 1.7628021712e-01 8.7217229821e-03
7.5000000000e+01 1.8012450095e-01 9.6334312246e-03
7.6000000000e+01 1.7896382342e-01 9.7911894614e-03
7.7000000000e+01 1.8484348666e-01 9.5078905335e-03
7.8000000000e+01 1.8961746883e-01 9.0351729434e-03
7.9000000000e+01 1.8552899178e-01 9.2748738846e-03
8.0000000000e+01 1.8080049765e-01 9.3838437385e-03
8.1000000000e+01 1.7834728170e-01 9.5710527191e-03
8.2000000000e+01 1.7648794492e-01 9.1323404437e-03
8.3000000000e+01 1.7582821492e-01 9.3178099237e-03
8.4000000000e+01 1.7366712674e-01 9.7880402995e-03
8.5000000000e+01 1.8075689778e-01 9.5563061858e-03
8.6000000000e+01 1.8362041512e-01 9.7199254248e-03
8.7000000000e+01 1.8240723030e-01 9.8346366581e-03
8.8000000000e+01 1.8215884025e-01 8.7044611771e-03
8.9000000000e+01 1.7641019609e-01 8.6515093155e-03
9.0000000000e+01 1.7034602231e-01 8.4156454081e-03
9.1000000000e+01 1.6163008472e-01 8.7090454336e-03
9.2000000000e+01 1.5622577709e-01 7.8242907255e-03
9.3000000000e+01 1.5758285036e-01 7.6412587669e-03
9.4000000000e+01 1.6137541637e-01 7.6326128082e-03
9.5000000000e+01 1.6909651565e-01 8.5195045097e-03
9.6000000000e+01 1.6781265890e-01 9.1001414396e-03
9.7000000000e+01 1.6039613864e-01 8.6046821661e-03
9.8000000000e+01 1.5604487373e-01 8.3443997631e-03
9.9000000000e+01 1.6016663481e-01 8.2442656765e-03
1.0000000000e+02 1.6701514289e-01 8.8429454039e-03
1.0100000000e+02 1.6782023584e-01 9.1593364291e-03
1.0200000000e+02 1.7141101531e-01 9.3482135030e-03
1.0300000000e+02 1.7253392642e-01 9.5772847232e-03
1.0400000000e+02 1.7136599282e-01 9.6987864499e-03
1.0500000000e+02 1.6699500387e-01 9.4601008973e-03
1.0600000000e+02 1.5825251836e-01 9.0631783308e-03
1.0700000000e+02 1.5626637222e-01 8.2234133577e-03
1.0800000000e+02 1.5869243083e-01 8.3074022949e-03
1.0900000000e+02 1.6039883836e-01 7.9054244718e-03
1.1000000000e+02 1.6041228994e-01 6.7129777511e-03
1.1100000000e+02 1.5643052039e-01 7.0596378528e-03
1.1200000000e+02 1.5427369768e-01 8.1343202913e-03
1.1300000000e+02 1.5218521384e-01 8.7550344667e-03
1.1400000000e+02 1.5378669478e-01 8.9252336425e-03
1.1500000000e+02 1.4926161830e-01 9.1805367885e-03
1.1600000000e+02 1.5246402565e-01 8.9970187285e-03
1.1700000000e+02 1.5247340411e-01 8.9048244471e-03
1.1800000000e+02 1.5762088382e-01 8.6477778423e-03
1.1900000000e+02 1.6409447370e-01 7.9393282848e-03
1.2000000000e+02 1.6269598903e-01 7.9408034724e-03
1.2100000000e+02 1.5559616839e-01 7.6513520184e-03
1.2200000000e+02 1.6010320234e-01 8.0296132851e-03
1.2300000000e+02 1.6104412747e-01 8.0859794740e-03
1.2400000000e+02 1.6289185401e-01 8.2419914939e-03
1.2500000000e+02 1.6010667238e-01 7.8586492630e-03
1.2600000000e+02 1.6066727219e-01 7.6114433436e-03
1.2700000000e+02 1.5687363484e-01 8.7148205470e-03
1.2800000000e+02 1.5290138257e-01 9.1391170332e-03
1.2900000000e+02 1.4829994867e-01 9.3459825022e-03
1.3000000000e+02 1.5439644763e-01 9.0416459960e-03
1.3100000000e+02 1.6054958655e-01 8.9263351781e-03
1.3200000000e+02 1.6158344130e-01 9.4438470135e-03
1.3300000000e+02 1.6261278603e-01 9.1508222128e-03
1.3400000000e+02 1.6311028214e-01 8.4807960257e-03
1.3500000000e+02 1.6481190616e-01 8.2909339723e-03
1.3600000000e+02 1.6338684703e-01 8.3712667277e-03
1.3700000000e+02 1.6541547600e-01 8.7269578680e-03
1.3800000000e+02 1.6292387460e-01 9.0185685434e-03
1.3900000000e+02 1.6176101575e-01 8.9230707980e-03
1.4000000000e+02 1.5806562674e-01 8.7943613657e-03
1.4100000000e+02 1.5917224793e-01 8.3757730941e-03
1.4200000000e+02 1.5958135576e-01 9.0874209302e-03
1.4300000000e+02 1.6250535891e-01 8.8951158762e-03
1.4400000000e+02 1.5880449934e-01 8.2167116515e-03
1.4500000000e+02 1.5523610351e-01 8.4788836671e-03
1.4600000000e+02 1.4922447647e-01 8.4535590421e-03
1.4700000000e+02 1.4551659374e-01 7.7678378113e-03
1.4800000000e+02 1.4241711574e-01 8.2679216036e-03
1.4900000000e+02 1.4195959208e-01 7.8964443661e-03
1.5000000000e+02 1.4012274949e-01 7.1819288761e-03
1.5100000000e+02 1.3401436572e-01 6.1523478111e-03
1.5200000000e+02 1.3387028412e-01 6.0295177557e-03
1.5300000000e+02 1.3664369982e-01 7.1543142223e-03
1.5400000000e+02 1.3916345847e-01 8.1522678772e-03
1.5500000000e+02 1.4156348179e-01 8.1440419720e-03
1.5600000000e+02 1.4547679495e-01 7.8898758386e-03
1.5700000000e+02 1.4276102730e-01 7.5660360723e-03
1.5800000000e+02 1.3765116975e-01 7.6669217705e-03
1.5900000000e+02 1.3410364276e-01 7.1361616905e-03
1.6000000000e+02 1.2907126873e-01 7.1131503438e-03
1.6100000000e+02 1.2472962502e-01 7.2085522585e-03
1.6200000000e+02 1.2772582006e-01 7.6422986520e-03
1.6300000000e+02 1.2836585515e-01 7.3276594038e-03
1.6400000000e+02 1.3087083485e-01 6.8424938854e-03
1.6500000000e+02 1.3436674357e-01 6.2926929819e-03
1.6600000000e+02 1.3443088312e-01 6.7200829896e-03
1.6700000000e+02 1.3824370807e-01 7.1741241913e-03
1.6800000000e+02 1.3847681289e-01 7.4133741035e-03
1.6900000000e+02 1.3484765390e-01 6.7257443781e-03
1.7000000000e+02 1.2882238602e-01 6.5581367659e-03
1.7100000000e+02 1.2352691829e-01 6.8492764082e-03
1.7200000000e+02 1.2996110978e-01 7.4219517943e-03
1.7300000000e+02 1.3806444915e-01 7.7401385609e-03
1.7400000000e+02 1.4113324544e-01 8.1010430673e-03
1.7500000000e+02 1.3554975626e-01 7.9473084209e-03
1.7600000000e+02 1.2902220177e-01 7.6392266070e-03
1.7700000000e+02 1.2358975996e-01 7.3101069445e-03
1.7800000000e+02 1.1622986037e-01 7.0341486258e-03
1.7900000000e+02 1.2046592392e-01 6.2609397025e-03
1.8000000000e+02 1.2096956590e-01 6.2790009937e-03
1.8100000000e+02 1.2432494640e-01 6.0820286385e-03
1.8200000000e+02 1.2583836053e-01 5.9955927332e-03
1.8300000000e+02 1.3125947137e-01 6.3890321629e-03
1.8400000000e+02 1.3391729235e-01 6.1038635747e-03
1.8500000000e+02 1.3605501628e-01 5.9289247605e-03
1.8600000000e+02 1.3537020060e-01 6.1353656852e-03
1.8700000000e+02 1.2821634566e-01 6.5483290643e-03
1.8800000000e+02 1.2789889219e-01 7.1123528504e-03
1.8900000000e+02 1.2716528810e-01 7.4092677850e-03
1.9000000000e+02 1.2792846291e-01 7.4636620270e-03
1.9100000000e+02 1.2498441701e-01 7.3833311858e-03
1.9200000000e+02 1.2440369588e-01 7.2953527453e-03
1.9300000000e+02 1.2539072122e-01 7.3518137955e-03
1.9400000000e+02 1.2791734120e-01 7.6112107907e-03
1.9500000000e+02 1.2460777932e-01 7.0902749485e-03
1.9600000000e+02 1.2705165409e-01 6.5493627506e-03
1.9700000000e+02 1.2531450471e-01 6.4914743988e-03
1.9800000000e+02 1.2564794541e-01 6.4921874888e-03
1.9900000000e+02 1.1891468707e-01 6.6021524196e-03
2.0000000000e+02 1.2189878430e-01 6.8477487128e-03
2.0100000000e+02 1.2603156645e-01 6.5452545275e-03
2.0200000000e+02 1.2386525589e-01 6.6218860936e-03
2.0300000000e+02 1.2338169304e-01 6.6999209643e-03
2.0400000000e+02 1.2380468763e-01 6.2615574473e-03
2.0500000000e+02 1.1867692312e-01 6.3422102310e-03
2.0600000000e+02 1.1349782841e-01 6.1651973592e-03
2.0700000000e+02 1.0604681449e-01 6.2383062614e-03
2.0800000000e+02 1.0943104556e-01 5.9180434545e-03
2.0900000000e+02 1.1065399312e-01 6.1845974503e-03
2.1000000000e+02 1.1290028355e-01 6.7122590436e-03
2.1100000000e+02 1.0999439294e-01 7.0391879441e-03
2.1200000000e+02 1.1317135463e-01 6.8421757291e-03
2.1300000000e+02 1.1883974301e-01 6.4158258882e-03
2.1400000000e+02 1.1921053558e-01 6.1953466443e-03
2.1500000000e+02 1.1940224817e-01 5.5617757897e-03
2.1600000000e+02 1.1703279204e-01 5.5236231257e-03
2.1700000000e+02 1.1620129368e-01 5.7679681957e-03
2.1800000000e+02 1.1723125624e-01 6.6847426383e-03
2.1900000000e+02 1.2187118282e-01 7.1355073241e-03
2.2000000000e+02 1.2519563357e-01 6.8719430500e-03
2.2100000000e+02 1.2524985971e-01 6.3674013759e-03
2.2200000000e+02 1.2442723339e-01 6.2008498049e-03
2.2300000000e+02 1.2139333172e-01 6.5667693628e-03
2.2400000000e+02 1.2106960580e-01 5.8029604462e-03
2.2500000000e+02 1.2328627711e-01 5.7400229523e-03
2.2600000000e+02 1.2071676203e-01 5.6661728838e-03
2.2700000000e+02 1.2312071930e-01 6.1844595668e-03
2.2800000000e+02 1.2043926392e-01 5.9564911331e-03
2.2900000000e+02 1.1602491043e-01 6.1052278952e-03
2.3000000000e+02 1.1721058101e-01 5.8330936006e-03
2.3100000000e+02 1.2199191858e-01 5.7596880465e-03
2.3200000000e+02 1.1691774586e-01 6.1313972356e-03
2.3300000000e+02 1.1234271732e-01 5.8743496781e-03
2.3400000000e+02 1.1457429741e-01 5.7787178842e-03
2.3500000000e+02 1.1618265396e-01 6.0515325591e-03
2.3600000000e+02 1.1604766020e-01 5.9020247490e-03
2.3700000000e+02 1.1919126852e-01 6.1906532987e-03
2.3800000000e+02 1.2299714797e-01 6.4653007371e-03
2.3900000000e+02 1.2659732816e-01 5.9038773821e-03
2.4000000000e+02 1.2741291880e-01 5.4123854361e-03
2.4100000000e+02 1.2259927574e-01 5.6019734054e-03
2.4200000000e+02 1.2061859065e-01 5.7185674067e-03
2.4300000000e+02 1.2251514253e-01 5.9907054079e-03
2.4400000000e+02 1.2431180751e-01 6.2056156961e-03
2.4500000000e+02 1.2052402228e-01 6.6259089999e-03
2.4600000000e+02 1.1609297144e-01 6.8423938622e-03
2.4700000000e+02 1.1819668781e-01 6.9643432464e-03
2.4800000000e+02 1.1936698306e-01 6.6445089177e-03
2.4900000000e+02 1.2493654682e-01 6.6544323049e-03
2.5000000000e+02 1.2826749451e-01 6.7846143909e-03
2.5100000000e+02 1.3286299205e-01 6.8396444343e-03
2.5200000000e+02 1.3295546121e-01 6.8342181359e-03
2.5300000000e+02 1.3684775186e-01 6.3483320767e-03
2.5400000000e+02 1.2831142702e-01 6.3919420925e-03
2.5500000000e+02 1.2198928774e-01 6.4130108091e-03
2.5600000000e+02 1.1984606759e-01 6.5702704332e-03
2.5700000000e+02 1.2266108875e-01 6.4895445343e-03
2.5800000000e+02 1.2520019467e-01 6.6098039912e-03
2.5900000000e+02 1.2563531751e-01 6.8380917938e-03
2.6000000000e+02 1.2608591363e-01 7.0871130728e-03
2.6100000000e+02 1.2126637904e-01 7.1182587476e-03
2.6200000000e+02 1.1884110271e-01 7.0542330393e-03
2.6300000000e+02 1.1487940021e-01 6.0898420809e-03
2.6400000000e+02 1.1163235440e-01 5.6728580976e-03
2.6500000000e+02 1.0838734091e-01 5.8543855940e-03
2.6600000000e+02 1.0874320362e-01 5.9285360242e-03
2.6700000000e+02 1.1276746433e-01 7.0463372116e-03
2.6800000000e+02 1.1503616765e-01 7.5650817707e-03
2.6900000000e+02 1.2136057576e-01 7.5381625578e-03
2.7000000000e+02 1.1745893219e-01 6.9874923529e-03
2.7100000000e+02 1.1786719807e-01 7.3965597199e-03
2.7200000000e+02 1.2208416810e-01 7.5436324491e-03
2.7300000000e+02 1.1884355712e-01 7.2021508946e-03
2.7400000000e+02 1.1721648858e-01 7.1526904622e-03
2.7500000000e+02 1.1517664057e-01 6.9218379193e-03
2.7600000000e+02 1.1752081204e-01 6.6224505848e-03
2.7700000000e+02 1.2063609328e-01 6.1800179040e-03
2.7800000000e+02 1.1744997028e-01 6.5001405413e-03
2.7900000000e+02 1.1715852962e-01 6.8845855016e-03
2.8000000000e+02 1.2077761888e-01 6.9916774151e-03
2.8100000000e+02 1.2294370400e-01 7.0985066143e-03
2.8200000000e+02 1.2394820849e-01 6.8446529757e-03
2.8300000000e+02 1.2508236516e-01 6.6271319125e-03
2.8400000000e+02 1.2376968963e-01 6.2626848944e-03
2.8500000000e+02 1.2051814139e-01 6.0943010271e-03
2.8600000000e+02 1.1948541234e-01 6.5119091514e-03
2.8700000000e+02 1.2226937384e-01 6.8994848861e-03
2.8800000000e+02 1.2522883779e-01 7.2935473043e-03
2.8900000000e+02 1.2218601334e-01 7.5715887865e-03
2.9000000000e+02 1.2561120697e-01 7.3284914895e-03
2.9100000000e+02 1.2551331568e-01 7.2626152111e-03
2.9200000000e+02 1.2132074394e-01 6.8645882678e-03
2.9300000000e+02 1.1587683905e-01 6.8033867031e-03
2.9400000000e+02 1.1579628371e-01 6.5064094535e-03
2.9500000000e+02 1.1899699312e-01 6.3468076526e-03
2.9600000000e+02 1.2169859299e-01 6.4665158373e-03
2.9700000000e+02 1.2352874254e-01 6.3955802110e-03
2.9800000000e+02 1.2029209122e-01 6.6196180864e-03
2.9900000000e+02 1.1496169078e-01 6.8327910687e-03
3.0000000000e+02 1.1426564579e-01 6.8130874489e-03
3.0100000000e+02 1.1462225779e-01 6.6246992428e-03
3.0200000000e+02 1.1502538330e-01 6.4450558891e-03
3.0300000000e+02 1.1431639134e-01 6.0832320988e-03
3.0400000000e+02 1.1463224883e-01 6.1057341496e-03
3.0500000000e+02 1.2245413810e-01 6.5532218963e-03
3.0600000000e+02 1.2579965353e-01 6.7505691494e-03
3.0700000000e+02 1.2147747890e-01 6.6292947963e-03
3.0800000000e+02 1.1889268268e-01 7.0046614119e-03
3.0900000000e+02 1.1750331122e-01 7.2863025877e-03
3.1000000000e+02 1.1573588637e-01 7.1340574678e-03
3.1100000000e+02 1.1680774299e-01 6.7315338075e-03
3.1200000000e+02 1.1073489325e-01 6.1682841968e-03
3.1300000000e+02 1.1391115948e-01 6.0989805186e-03
3.1400000000e+02 1.1525581726e-01 5.9230453605e-03
3.1500000000e+02 1.1313561120e-01 5.9161374971e-03
3.1600000000e+02 1.1021773381e-01 6.1380000787e-03
3.1700000000e+02 1.0574942453e-01 5.8474705722e-03
3.1800000000e+02 1.0320379789e-01 6.1085519887e-03
3.1900000000e+02 1.1221226390e-01 6.5560196401e-03
3.2000000000e+02 1.1947866533e-01 6.7314740887e-03
3.2100000000e+02 1.2520013413e-01 6.9334048731e-03
3.2200000000e+02 1.2501410464e-01 6.7339727149e-03
3.2300000000e+02 1.2140724945e-01 6.2488193113e-03
3.2400000000e+02 1.1611849570e-01 5.8960401147e-03
3.2500000000e+02 1.1229173574e-01 5.8810156083e-03
3.2600000000e+02 1.1067133652e-01 5.9129819121e-03
3.2700000000e+02 1.1296351756e-01 5.9939383486e-03
3.2800000000e+02 1.1142481993e-01 6.4744091897e-03
3.2900000000e+02 1.1364239766e-01 6.5789630687e-03
3.3000000000e+02 1.1344144101e-01 6.2020348456e-03
3.3100000000e+02 1.1375300781e-01 6.8666334684e-03
3.3200000000e+02 1.1592453887e-01 6.9819876559e-03
3.3300000000e+02 1.1628242864e-01 6.9550823477e-03
3.3400000000e+02 1.1653564343e-01 6.4409525920e-03
3.3500000000e+02 1.1447958349e-01 6.6219287881e-03
3.3600000000e+02 1.1156281749e-01 6.5856523670e-03
3.3700000000e+02 1.1123810876e-01 6.0117836014e-03
3.3800000000e+02 1.1224103613e-01 5.5348128408e-03
3.3900000000e+02 1.1032363908e-01 5.4889147831e-03
3.4000000000e+02 1.1068475866e-01 5.8491829856e-03
3.4100000000e+02 1.0938184547e-01 6.1111104948e-03
3.4200000000e+02 1.1359181060e-01 6.0881264158e-03
3.4300000000e+02 1.1337784163e-01 6.0739714824e-03
3.4400000000e+02 1.1556883023e-01 5.8167287440e-03
3.4500000000e+02 1.1957828968e-01 5.4538843234e-03
3.4600000000e+02 1.2004578808e-01 5.4706121133e-03
3.4700000000e+02 1.1312755339e-01 5.6475422085e-03
3.4800000000e+02 1.0981680472e-01 5.8868969697e-03
3.4900000000e+02 1.0924594169e-01 6.2880746355e-03
3.5000000000e+02 1.1361704473e-01 6.2847381572e-03
3.5100000000e+02 1.1344540210e-01 6.4468399810e-03
3.5200000000e+02 1.1464097199e-01 5.9444788432e-03
3.5300000000e+02 1.1540375098e-01 5.7230807643e-03
3.5400000000e+02 1.2166035127e-01 6.1154003119e-03
3.5500000000e+02 1.2865581738e-01 6.9698475858e-03
3.5600000000e+02 1.2238642600e-01 7.1806780266e-03
3.5700000000e+02 1.1835436048e-01 6.7648556692e-03
3.5800000000e+02 1.1312434272e-01 5.9006156716e-03
3.5900000000e+02 1.0733817837e-01 5.8305719019e-03
3.6000000000e+02 1.0262943285e-01 5.3932584409e-03
3.6100000000e+02 1.0232198995e-01 5.1130016776e-03
3.6200000000e+02 1.0378956563e-01 5.3052982820e-03
3.6300000000e+02 1.0939771236e-01 5.4816874050e-03
3.6400000000e+02 1.1525120910e-01 5.4098713481e-03
3.6500000000e+02 1.1860160008e-01 5.2890094148e-03
3.6600000000e+02 1.1690804100e-01 5.8664781004e-03
3.6700000000e+02 1.1416818318e-01 5.9678881264e-03
3.6800000000e+02 1.1446017829e-01 6.0535781469e-03
3.6900000000e+02 1.1521527587e-01 5.7661153651e-03
3.7000000000e+02 1.1325481598e-01 5.8871900709e-03
3.7100000000e+02 1.1048934834e-01 6.0774054038e-03
3.7200000000e+02 1.1002862086e-01 5.9011968246e-03
3.7300000000e+02 1.1058759688e-01 6.0311973942e-03
3.7400000000e+02 1.0576450700e-01 5.9935022377e-03
3.7500000000e+02 1.0500642018e-01 5.9061145705e-03
3.7600000000e+02 1.1038827417e-01 5.7200708842e-03
3.7700000000e+02 1.1099630835e-01 5.6984441123e-03
3.7800000000e+02 1.0786680106e-01 6.0229613474e-03
3.7900000000e+02 1.0758071527e-01 5.9911787614e-03
3.8000000000e+02 1.0983043733e-01 5.7422774843e-03
3.8100000000e+02 1.0968220754e-01 5.8066212268e-03
3.8200000000e+02 1.1165608701e-01 5.7135697320e-03
3.8300000000e+02 1.0999794979e-01 5.8432827091e-03
3.8400000000e+02 1.0857480564e-01 5.3966033699e-03
3.8500000000e+02 1.0850888906e-01 5.4684214139e-03
3.8600000000e+02 1.0878699843e-01 6.0263870051e-03
3.8700000000e+02 1.1405534587e-01 6.5767774314e-03
3.8800000000e+02 1.2073946218e-01 6.3694963674e-03
3.8900000000e+02 1.1775312596e-01 6.3016719981e-03
3.9000000000e+02 1.1315374820e-01 5.8499408660e-03
3.9100000000e+02 1.0834649094e-01 5.5308857664e-03
3.9200000000e+02 1.0317967649e-01 5.6791898885e-03
3.9300000000e+02 9.9947235147e-02 5.6045276231e-03
3.9400000000e+02 1.0093143846e-01 4.9813156820e-03
3.9500000000e+02 1.0451389875e-01 4.7803607351e-03
3.9600000000e+02 1.0782632890e-01 5.1901296448e-03
3.9700000000e+02 1.0818972131e-01 5.4344709091e-03
3.9800000000e+02 1.1067390669e-01 5.5253655136e-03
3.9900000000e+02 1.1660605093e-01 5.3121511829e-03
4.0000000000e+02 1.1787786838e-01 5.8390445615e-03
4.0100000000e+02 1.1407823234e-01 5.8006636337e-03
4.0200000000e+02 1.0840536555e-01 5.3386800838e-03
4.0300000000e+02 1.0528319515e-01 5.8894469514e-03
4.0400000000e+02 1.0686435089e-01 5.9845941524e-03
4.0500000000e+02 1.0763182849e-01 5.5519710452e-03
4.0600000000e+02 1.0876170249e-01 5.4417831521e-03
4.0700000000e+02 1.0595812195e-01 5.5919831339e-03
4.0800000000e+02 1.0642505158e-01 5.7709096353e-03
4.0900000000e+02 1.0553979630e-01 6.0708507798e-03
4.1000000000e+02 1.0809573145e-01 5.9807169749e-03
4.1100000000e+02 1.0800989976e-01 5.8546231221e-03
4.1200000000e+02 1.0595154359e-01 5.7023396181e-03
4.1300000000e+02 1.0570642945e-01 5.9215400456e-03
4.1400000000e+02 1.0528137785e-01 5.7733850820e-03
4.1500000000e+02 1.0416303712e-01 5.5189950862e-03
4.1600000000e+02 1.0270058521e-01 5.5263205247e-03
4.1700000000e+02 1.0420998995e-01 6.0453712667e-03
4.1800000000e+02 1.0813695957e-01 6.5049112387e-03
4.1900000000e+02 1.1021424199e-01 6.6650398017e-03
4.2000000000e+02 1.0902925953e-01 6.2295158461e-03
4.2100000000e+02 1.0683894857e-01 6.0847980639e-03
4.2200000000e+02 1.1481597768e-01 5.4803117885e-03
4.2300000000e+02 1.1521565070e-01 5.5341485423e-03
4.2400000000e+02 1.1122421624e-01 5.6791968449e-03
4.2500000000e+02 1.0591660610e-01 5.9494331394e-03
4.2600000000e+02 1.0434194127e-01 5.6062582249e-03
4.2700000000e+02 1.0507931373e-01 5.5477163605e-03
4.2800000000e+02 1.0293006595e-01 5.1984778641e-03
4.2900000000e+02 1.0493695309e-01 5.7051226782e-03
4.3000000000e+02 1.0736614910e-01 5.9236094065e-03
4.3100000000e+02 1.0352340190e-01 5.8285401653e-03
4.3200000000e+02 9.9786527402e-02 5.6077761235e-03
4.3300000000e+02 9.7994189026e-02 5.5295843875e-03
4.3400000000e+02 1.0439447684e-01 5.2940320176e-03
4.3500000000e+02 1.1119645189e-01 5.1389358757e-03
4.3600000000e+02 1.1185604428e-01 5.0138393976e-03
4.3700000000e+02 1.0576137545e-01 5.3134321426e-03
4.3800000000e+02 1.0484545101e-01 4.8849912511e-03
4.3900000000e+02 1.0165564307e-01 5.0347615709e-03
4.4000000000e+02 9.7835809328e-02 5.1640927391e-03
4.4100000000e+02 9.7721366558e-02 5.3938402097e-03
4.4200000000e+02 1.0151512293e-01 5.4328881167e-03
4.4300000000e+02 1.0836222024e-01 5.6889284767e-03
4.4400000000e+02 1.1196785243e-01 5.7101464195e-03
4.4500000000e+02 1.0681247921e-01 5.7110683778e-03
4.4600000000e+02 1.0567742424e-01 5.4269433135e-03
4.4700000000e+02 1.0484953467e-01 5.2686296101e-03
4.4800000000e+02 1.0371896048e-01 5.7433195138e-03
4.4900000000e+02 1.0182957035e-01 6.1222585148e-03
4.5000000000e+02 1.0438729297e-01 6.3961012745e-03
4.5100000000e+02 1.1301667066e-01 5.9390234524e-03
4.5200000000e+02 1.1639545474e-01 5.8015024815e-03
4.5300000000e+02 1.1435500802e-01 5.6383782216e-03
4.5400000000e+02 1.0977565147e-01 5.7252015224e-03
4.5500000000e+02 1.0427634543e-01 5.5894516592e-03
4.5600000000e+02 9.8647378138e-02 5.5287255337e-03
4.5700000000e+02 9.7191487655e-02 5.3993490243e-03
4.5800000000e+02 9.8981917346e-02 5.2712041859e-03
4.5900000000e+02 9.9251799553e-02 5.3443581703e-03
4.6000000000e+02 1.0057683009e-01 5.0392190029e-03
4.6100000000e+02 1.0187689120e-01 5.0516613187e-03
4.6200000000e+02 1.0266434850e-01 5.2328724142e-03
4.6300000000e+02 1.0460053791e-01 5.4760014822e-03
4.6400000000e+02 1.0197652841e-01 5.4508971809e-03
4.6500000000e+02 1.0184684938e-01 5.1428339792e-03
4.6600000000e+02 9.9180123174e-02 5.3795129716e-03
4.6700000000e+02 1.0004666427e-01 5.5422058291e-03
4.6800000000e+02 9.8110039584e-02 5.6173194149e-03
4.6900000000e+02 9.8937659619e-02 4.9789306138e-03
4.7000000000e+02 9.8037095550e-02 5.4705834763e-03
4.7100000000e+02 9.7321834923e-02 5.5822911370e-03
4.7200000000e+02 1.0076825012e-01 5.4878264375e-03
4.7300000000e+02 1.0213120853e-01 5.4913159337e-03
4.7400000000e+02 1.0459323053e-01 5.3995435227e-03
4.7500000000e+02 1.0296614319e-01 5.7233358508e-03
4.7600000000e+02 9.7244125663e-02 5.9227906153e-03
4.7700000000e+02 9.5074883455e-02 5.7985149884e-03
4.7800000000e+02 9.8296123650e-02 5.4016685730e-03
4.7900000000e+02 1.0101623862e-01 5.4784959206e-03
4.8000000000e+02 1.0671893671e-01 5.2695056074e-03
4.8100000000e+02 1.0855797671e-01 5.0890649363e-03
4.8200000000e+02 1.0555514921e-01 5.1203282949e-03
4.8300000000e+02 1.0697978108e-01 5.0160868986e-03
4.8400000000e+02 1.1233607836e-01 4.9848498106e-03
4.8500000000e+02 1.1568080178e-01 5.5329893480e-03
4.8600000000e+02 1.1110307354e-01 5.3931374107e-03
4.8700000000e+02 1.1099547018e-01 5.3580472062e-03
4.8800000000e+02 1.0999108657e-01 5.5625218123e-03
4.8900000000e+02 1.1500908653e-01 5.4642992251e-03
4.9000000000e+02 1.1413275798e-01 5.6905356835e-03
4.9100000000e+02 1.0673840238e-01 5.6220309394e-03
4.9200000000e+02 9.8833615950e-02 5.8547903284e-03
4.9300000000e+02 9.8352485748e-02 5.7337031101e-03
4.9400000000e+02 1.0326649486e-01 5.7783790415e-03
4.9500000000e+02 1.0594039030e-01 5.8859233446e-03
4.9600000000e+02 1.0624314579e-01 6.1180062203e-03
4.9700000000e+02 1.0161638028e-01 6.3160817566e-03
4.9800000000e+02 9.7271492481e-02 6.1048851168e-03
4.9900000000e+02 9.6700873191e-02 5.9948067176e-03
5.0000000000e+02 9.6867195396e-02 5.6549581639e-03
5.0100000000e+02 9.8048820815e-02 5.6094939216e-03
5.0200000000e+02 9.7368960390e-02 5.3005908824e-03
5.0300000000e+02 9.6243942046e-02 5.4258510599e-03
5.0400000000e+02 9.7758443983e-02 5.9380339134e-03
5.0500000000e+02 1.0150887087e-01 5.9157656431e-03
5.0600000000e+02 9.9844950573e-02 5.2092940883e-03
5.0700000000e+02 9.9147480112e-02 5.1396166794e-03
5.0800000000e+02 9.7653814374e-02 5.0677195404e-03
5.0900000000e+02 9.9634920013e-02 5.0075228334e-03
5.1000000000e+02 9.4572984477e-02 4.7827329743e-03
5.1100000000e+02 9.2623735951e-02 4.7414955731e-03
5.1200000000e+02 9.1228625562e-02 4.5448465570e-03
5.1300000000e+02 9.6431194670e-02 4.9811003333e-03
5.1400000000e+02 9.9318912387e-02 4.9839156286e-03
5.1500000000e+02 9.9832495113e-02 4.8369876624e-03
5.1600000000e+02 9.3940535531e-02 4.5143914123e-03
5.1700000000e+02 8.9885803972e-02 4.5542865814e-03
5.1800000000e+02 8.9728771925e-02 5.0114540658e-03
5.1900000000e+02 8.9801916386e-02 4.9037649655e-03
5.2000000000e+02 8.6742466089e-02 4.6846204858e-03
5.2100000000e+02 8.4583359488e-02 4.6725650293e-03
5.2200000000e+02 8.5971186663e-02 4.5322538227e-03
5.2300000000e+02 9.1016365579e-02 4.3957364477e-03
5.2400000000e+02 9.3759343266e-02 4.4968076563e-03
5.2500000000e+02 9.6704544590e-02 4.7200140312e-03
5.2600000000e+02 9.6801916488e-02 5.1492140865e-03
5.2700000000e+02 9.9251263331e-02 5.0429085701e-03
5.2800000000e+02 9.7606767354e-02 5.2248883731e-03
5.2900000000e+02 9.8738417831e-02 5.3900167863e-03
5.3000000000e+02 1.0296738479e-01 5.4247011933e-03
5.3100000000e+02 1.0599809402e-01 5.4718971344e-03
5.3200000000e+02 1.0637074617e-01 5.6253562823e-03
5.3300000000e+02 1.0117689401e-01 5.5607333894e-03
5.3400000000e+02 9.3676050553e-02 4.9387549052e-03
5.3500000000e+02 9.0438011711e-02 4.7564626359e-03
5.3600000000e+02 9.3282882177e-02 4.5249728817e-03
5.3700000000e+02 9.5506830416e-02 4.4000455724e-03
5.3800000000e+02 9.7696834916e-02 4.6650470522e-03
5.3900000000e+02 9.6162851434e-02 5.1567083357e-03
5.4000000000e+02 9.8107109525e-02 5.0852420621e-03
5.4100000000e+02 9.6221584461e-02 5.5455897964e-03
5.4200000000e+02 9.7462643127e-02 5.5701207942e-03
5.4300000000e+02 9.8136591972e-02 5.1210857096e-03
5.4400000000e+02 9.6808540342e-02 5.0270692420e-03
5.4500000000e+02 9.6410921409e-02 5.4823289742e-03
5.4600000000e+02 1.0316025251e-01 5.3927138744e-03
5.4700000000e+02 1.0432442955e-01 4.8276936090e-03
5.4800000000e+02 1.0476659277e-01 5.1582082457e-03
5.4900000000e+02 1.0726828441e-01 5.4478132101e-03
5.5000000000e+02 1.0294883205e-01 5.5437431664e-03
5.5100000000e+02 1.0064297639e-01 5.4417710336e-03
5.5200000000e+02 1.0175858440e-01 4.9361848248e-03
5.5300000000e+02 1.0153373902e-01 5.2761059622e-03
5.5400000000e+02 1.0115372953e-01 5.4541372857e-03
5.5500000000e+02 9.8460163917e-02 5.4699849943e-03
5.5600000000e+02 9.8036661227e-02 5.3911833546e-03
5.5700000000e+02 9.9194956460e-02 5.0944434666e-03
5.5800000000e+02 9.9599155165e-02 5.2086488643e-03
5.5900000000e+02 9.8930354705e-02 5.1518156306e-03
5.6000000000e+02 9.8125956173e-02 5.2290214325e-03
5.6100000000e+02 1.0392806757e-01 5.3452021973e-03
5.6200000000e+02 1.0645371561e-01 5.7963222838e-03
5.6300000000e+02 1.0498377350e-01 5.4290996596e-03
5.6400000000e+02 1.0291488651e-01 4.7899801509e-03
5.6500000000e+02 9.5298194578e-02 5.3060359995e-03
5.6600000000e+02 9.4125778445e-02 5.6753472576e-03
5.6700000000e+02 9.3356187950e-02 5.7324971721e-03
5.6800000000e+02 9.4898145754e-02 5.6522734904e-03
5.6900000000e+02 9.7325132044e-02 5.3219092478e-03
5.7000000000e+02 1.0032513984e-01 5.3951763519e-03
5.7100000000e+02 1.0000438195e-01 5.2535915731e-03
5.7200000000e+02 9.5489915164e-02 5.0848812861e-03
5.7300000000e+02 9.5787538674e-02 4.7560988794e-03
5.7400000000e+02 9.7324789376e-02 4.9204461679e-03
5.7500000000e+02 9.8837569886e-02 5.3268239884e-03
5.7600000000e+02 9.7608924474e-02 5.9536925645e-03
5.7700000000e+02 9.6654453515e-02 5.9275160428e-03
5.7800000000e+02 1.0077936348e-01 5.9143941556e-03
5.7900000000e+02 9.9606387508e-02 5.7653966144e-03
5.8000000000e+02 9.8862950899e-02 5.3417746295e-03
5.8100000000e+02 9.8198554779e-02 4.7217569513e-03
5.8200000000e+02 9.5755586586e-02 4.0528390218e-03
5.8300000000e+02 9.7433756769e-02 3.8954603440e-03
5.8400000000e+02 9.6199617115e-02 4.2398284174e-03
5.8500000000e+02 9.2880974525e-02 4.6349508862e-03
5.8600000000e+02 9.1068925918e-02 5.0468155339e-03
5.8700000000e+02 9.4009581254e-02 4.9909930442e-03
5.8800000000e+02 9.7393575803e-02 5.3115249337e-03
5.8900000000e+02 9.8260344630e-02 4.8474305288e-03
5.9000000000e+02 9.7412413344e-02 4.8444537986e-03
5.9100000000e+02 9.9457857350e-02 5.2833253663e-03
5.9200000000e+02 9.7405266342e-02 5.4593482809e-03
5.9300000000e+02 9.3906621223e-02 4.9682264110e-03
5.9400000000e+02 9.2639195624e-02 4.9866171678e-03
5.9500000000e+02 9.5372100403e-02 4.5693290152e-03
5.9600000000e+02 9.1041012191e-02 4.4214068493e-03
5.9700000000e+02 9.0045744486e-02 4.3333234785e-03
5.9800000000e+02 9.1260308090e-02 4.8832060076e-03
5.9900000000e+02 9.3337804217e-02 4.5232405808e-03
6.0000000000e+02 9.3030685514e-02 4.7604972160e-03
6.0100000000e+02 9.3403450871e-02 4.7366972449e-03
6.0200000000e+02 9.3969676192e-02 4.9659082341e-03
6.0300000000e+02 9.0190559021e-02 4.8356457382e-03
6.0400000000e+02 9.0895655103e-02 4.6150576962e-03
6.0500000000e+02 9.2141077174e-02 4.9336641742e-03
6.0600000000e+02 9.2028226784e-02 5.2532622199e-03
6.0700000000e+02 9.3701575370e-02 5.3749719530e-03
6.0800000000e+02 9.4902803963e-02 5.3423485666e-03
6.0900000000e+02 9.5835841502e-02 5.0756745502e-03
6.1000000000e+02 9.6890736313e-02 5.1484464494e-03
6.1100000000e+02 9.4973156378e-02 5.0069547746e-03
6.1200000000e+02 9.1157490583e-02 5.1827066370e-03
6.1300000000e+02 8.9832519777e-02 5.3938137066e-03
6.1400000000e+02 9.0032609222e-02 5.2570304457e-03
6.1500000000e+02 9.2375126356e-02 5.2076936286e-03
6.1600000000e+02 9.6768298996e-02 5.0619509537e-03
6.1700000000e+02 9.9201436358e-02 5.3753875309e-03
6.1800000000e+02 1.0149135806e-01 5.1565148831e-03
6.1900000000e+02 9.5034782516e-02 5.2006230833e-03
6.2000000000e+02 8.9551764089e-02 4.9692149823e-03
6.2100000000e+02 8.7223691897e-02 4.9769194858e-03
6.2200000000e+02 9.0188135196e-02 4.7292193436e-03
6.2300000000e+02 9.2766498353e-02 4.3690768224e-03
6.2400000000e+02 9.4411180211e-02 4.4923044553e-03
6.2500000000e+02 9.4416256672e-02 4.5208212194e-03
6.2600000000e+02 9.1764475116e-02 4.3929952205e-03
6.2700000000e+02 9.0650085513e-02 4.7770345030e-03
6.2800000000e+02 9.3123381666e-02 5.0726641526e-03
6.2900000000e+02 9.3367767322e-02 5.1338626634e-03
6.3000000000e+02 9.5786333515e-02 5.2307715532e-03
6.3100000000e+02 9.5542888258e-02 5.5009246970e-03
6.3200000000e+02 9.4627260596e-02 5.6407189956e-03
6.3300000000e+02 9.6947623174e-02 5.1533210223e-03
6.3400000000e+02 9.4014055916e-02 4.7873579251e-03
6.3500000000e+02 9.2418856260e-02 4.7408078218e-03
6.3600000000e+02 9.3291792562e-02 5.0647760558e-03
6.3700000000e+02 9.5797310483e-02 5.2802178119e-03
6.3800000000e+02 9.7535625480e-02 5.0783946316e-03
6.3900000000e+02 9.6810281127e-02 5.3577859161e-03
6.4000000000e+02 9.3668309214e-02 5.4417881075e-03
6.4100000000e+02 9.1964402551e-02 5.3462525454e-03
6.4200000000e+02 9.2834624700e-02 4.9662369318e-03
6.4300000000e+02 9.4112968586e-02 4.7687393968e-03
6.4400000000e+02 9.6455136097e-02 4.8181673565e-03
6.4500000000e+02 9.2079688529e-02 5.2667935839e-03
6.4600000000e+02 9.4666794098e-02 5.0943202445e-03
6.4700000000e+02 9.6926276239e-02 5.1901345633e-03
6.4800000000e+02 9.5346931982e-02 5.0555435661e-03
6.4900000000e+02 9.6068636015e-02 5.0158718010e-03
6.5000000000e+02 9.4241213714e-02 5.2193102371e-03
6.5100000000e+02 9.6778412853e-02 5.3799354068e-03
6.5200000000e+02 9.5716217963e-02 5.2221951007e-03
6.5300000000e+02 9.2156414046e-02 4.9729205086e-03
6.5400000000e+02 9.2480522058e-02 5.4664739884e-03
6.5500000000e+02 9.6004297306e-02 5.2621452447e-03
6.5600000000e+02 9.7087728426e-02 5.1966373451e-03
6.5700000000e+02 9.5438795333e-02 5.4708134882e-03
6.5800000000e+02 9.3413438892e-02 5.4739633592e-03
6.5900000000e+02 9.3479005926e-02 5.5280992389e-03
6.6000000000e+02 9.6640033815e-02 5.1209220076e-03
6.6100000000e+02 9.6261287936e-02 5.2313130719e-03
6.6200000000e+02 9.7568063780e-02 5.6790108121e-03
6.6300000000e+02 9.4299233733e-02 5.9462631340e-03
6.6400000000e+02 9.1942066781e-02 5.5860022374e-03
6.6500000000e+02 8.9417967030e-02 5.2734695968e-03
6.6600000000e+02 8.8123637400e-02 5.0026404669e-03
6.6700000000e+02 8.4036912141e-02 4.8981543240e-03
6.6800000000e+02 8.5266407608e-02 4.6323858104e-03
6.6900000000e+02 8.8061708746e-02 4.7856095400e-03
6.7000000000e+02 9.1129093521e-02 4.8846884355e-03
6.7100000000e+02 9.6633962575e-02 5.0373787545e-03
6.7200000000e+02 9.6050153340e-02 5.1711147441e-03
6.7300000000e+02 9.6172229187e-02 5.3368046213e-03
6.7400000000e+02 9.4859138783e-02 4.8462956333e-03
6.7500000000e+02 9.2185706650e-02 4.3591217828e-03
6.7600000000e+02 9.4207681438e-02 4.6482428230e-03
6.7700000000e+02 9.7170676578e-02 5.3055325191e-03
6.7800000000e+02 9.8742660021e-02 5.3170285352e-03
6.7900000000e+02 9.7401606384e-02 5.0718190373e-03
6.8000000000e+02 9.8402148858e-02 5.0674765799e-03
6.8100000000e+02 1.0019676234e-01 4.9601479198e-03
6.8200000000e+02 1.0101886097e-01 5.0408345017e-03
6.8300000000e+02 9.8180378852e-02 5.0098130397e-03
6.8400000000e+02 9.5786785426e-02 4.8284958826e-03
6.8500000000e+02 9.3306982636e-02 5.1782130914e-03
6.8600000000e+02 9.1952398680e-02 4.9692982243e-03
6.8700000000e+02 9.1200804741e-02 4.3792612779e-03
6.8800000000e+02 8.9613793580e-02 4.8679575436e-03
6.8900000000e+02 9.2271508826e-02 5.1811643945e-03
6.9000000000e+02 9.8966536088e-02 5.1394838637e-03
6.9100000000e+02 1.0457814184e-01 5.1842401600e-03
6.9200000000e+02 1.0411884513e-01 5.5654008110e-03
6.9300000000e+02 9.9920290979e-02 5.6374781741e-03
6.9400000000e+02 9.5242645604e-02 5.2302338638e-03
6.9500000000e+02 9.3808025732e-02 5.1674747331e-03
6.9600000000e+02 9.2957126475e-02 5.0224816821e-03
6.9700000000e+02 9.4409451753e-02 5.1091746817e-03
6.9800000000e+02 9.5217647724e-02 5.1760540958e-03
6.9900000000e+02 9.7382795494e-02 5.5067440259e-03
7.0000000000e+02 9.5561668618e-02 5.2857966804e-03
7.0100000000e+02 9.4351822116e-02 4.8126190746e-03
7.0200000000e+02 9.2095933267e-02 4.7491825069e-03
7.0300000000e+02 8.8012708069e-02 5.1052756477e-03
7.0400000000e+02 8.7846702710e-02 4.8967557304e-03
7.0500000000e+02 8.6970532746e-02 4.8622398673e-03
7.0600000000e+02 8.8389802113e-02 4.9021218624e-03
7.0700000000e+02 9.2940266207e-02 4.8111280282e-03
7.0800000000e+02 1.0092955885e-01 4.9465557517e-03
7.0900000000e+02 1.0302574915e-01 4.8650248423e-03
7.1000000000e+02 1.0058854562e-01 5.1806753334e-03
7.1100000000e+02 9.9746586420e-02 5.2900834066e-03
7.1200000000e+02 9.7883903766e-02 5.4747906115e-03
7.1300000000e+02 9.6257173442e-02 5.4462625365e-03
7.1400000000e+02 9.4346181301e-02 5.3373748914e-03
7.1500000000e+02 9.6483725977e-02 5.6559466912e-03
7.1600000000e+02 1.0121122038e-01 5.8382911497e-03
7.1700000000e+02 1.0143944357e-01 5.6135683800e-03
7.1800000000e+02 9.7939822693e-02 5.0328305715e-03
7.1900000000e+02 9.5518856538e-02 5.2037893093e-03
7.2000000000e+02 8.9133471389e-02 5.3936340501e-03
7.2100000000e+02 8.8836184289e-02 5.1548826017e-03
7.2200000000e+02 8.9537213856e-02 4.8061609749e-03
7.2300000000e+02 9.0442946757e-02 4.6288141323e-03
7.2400000000e+02 8.6888872319e-02 4.2814267779e-03
7.2500000000e+02 8.3307296114e-02 4.3828096728e-03
7.2600000000e+02 8.6854201984e-02 4.4874520452e-03
7.2700000000e+02 8.7551545359e-02 4.7115847280e-03
7.2800000000e+02 8.8717520152e-02 4.8606875692e-03
7.2900000000e+02 9.3871207756e-02 4.9878824282e-03
7.3000000000e+02 9.2572546522e-02 5.1861405932e-03
7.3100000000e+02 8.8564059617e-02 5.0377765559e-03
7.3200000000e+02 8.7453512416e-02 5.0622113999e-03
7.3300000000e+02 8.8292816980e-02 4.7362680031e-03
7.3400000000e+02 8.8281572123e-02 4.5940373680e-03
7.3500000000e+02 8.8996666622e-02 4.5225469695e-03
7.3600000000e+02 9.0765756186e-02 4.6466682886e-03
7.3700000000e+02 9.0095558040e-02 4.7258434272e-03
7.3800000000e+02 8.6600555272e-02 4.8135421335e-03
7.3900000000e+02 8.4844280528e-02 4.6276976931e-03
7.4000000000e+02 8.3840671142e-02 4.5938845484e-03
7.4100000000e+02 8.4366314395e-02 4.5599442404e-03
7.4200000000e+02 8.9724566324e-02 4.3783815619e-03
7.4300000000e+02 9.8833334936e-02 4.8774053345e-03
7.4400000000e+02 1.0409190464e-01 5.1332761252e-03
7.4500000000e+02 1.0105341447e-01 5.1671977683e-03
7.4600000000e+02 9.6691639649e-02 5.4994073226e-03
7.4700000000e+02 9.1408179799e-02 5.2525119644e-03
7.4800000000e+02 8.8450180631e-02 5.0112984018e-03
7.4900000000e+02 8.8296331071e-02 4.4465175501e-03
7.5000000000e+02 8.7365185088e-02 4.4213597588e-03
7.5100000000e+02 8.2967389555e-02 4.5862083519e-03
7.5200000000e+02 8.4476207032e-02 4.8945972732e-03
7.5300000000e+02 9.0690605209e-02 4.6404866535e-03
7.5400000000e+02 9.6753290045e-02 4.5992473401e-03
7.5500000000e+02 9.9017834089e-02 4.7947633534e-03
7.5600000000e+02 9.7117712739e-02 5.1833856709e-03
7.5700000000e+02 9.8270950941e-02 5.2812290935e-03
7.5800000000e+02 9.2282565444e-02 5.4231328932e-03
7.5900000000e+02 9.1137390228e-02 5.2188830134e-03
7.6000000000e+02 9.3432429911e-02 5.1105984384e-03
7.6100000000e+02 9.5955948802e-02 4.9061184260e-03
7.6200000000e+02 9.4146558651e-02 4.6316148921e-03
7.6300000000e+02 9.1422086205e-02 4.8366165343e-03
7.6400000000e+02 8.9894000723e-02 4.9784278601e-03
7.6500000000e+02 9.0469727305e-02 4.9404148410e-03
7.6600000000e+02 9.1761093244e-02 4.6950107115e-03
7.6700000000e+02 9.3034372796e-02 4.8221076013e-03
7.6800000000e+02 8.9792757829e-02 4.9281754890e-03
7.6900000000e+02 8.4038417909e-02 4.8137567023e-03
7.7000000000e+02 8.0885967770e-02 4.5653653376e-03
7.7100000000e+02 8.2758066868e-02 4.9096798498e-03
7.7200000000e+02 8.7397076634e-02 5.1662824183e-03
7.7300000000e+02 8.7685889005e-02 5.0096460991e-03
7.7400000000e+02 8.8203085215e-02 4.9794419521e-03
7.7500000000e+02 9.0038712315e-02 5.2608628213e-03
7.7600000000e+02 9.3342256210e-02 5.2497939140e-03
7.7700000000e+02 9.6842172967e-02 4.8013070105e-03
7.7800000000e+02 9.5138877336e-02 4.4549892656e-03
7.7900000000e+02 9.4701897881e-02 4.2997733781e-03
7.8000000000e+02 9.2637102540e-02 4.4528807068e-03
7.8100000000e+02 8.9477258813e-02 4.2144182514e-03
7.8200000000e+02 8.7067479241e-02 5.0939906694e-03
7.8300000000e+02 8.9710484450e-02 5.1582589331e-03
7.8400000000e+02 8.8425270672e-02 4.9333251927e-03
7.8500000000e+02 8.5717713646e-02 4.9622313147e-03
7.8600000000e+02 8.4413963145e-02 4.8186470404e-03
7.8700000000e+02 8.4673451207e-02 4.6216079410e-03
7.8800000000e+02 8.5939907470e-02 4.5388204675e-03
7.8900000000e+02 8.3567934889e-02 3.9257087591e-03
7.9000000000e+02 8.1265790885e-02 3.9545699962e-03
7.9100000000e+02 8.1671133163e-02 4.7225782958e-03
7.9200000000e+02 8.3911500883e-02 4.8521495428e-03
7.9300000000e+02 8.4243129147e-02 4.5738115082e-03
7.9400000000e+02 8.4717278407e-02 4.5896577877e-03
7.9500000000e+02 8.8172343376e-02 4.5724101348e-03
7.9600000000e+02 8.6689546412e-02 4.1831300221e-03
7.9700000000e+02 8.4926096641e-02 4.2668515583e-03
7.9800000000e+02 8.5470809315e-02 4.0239792250e-03
7.9900000000e+02 8.1322063442e-02 3.7830597247e-03
8.0000000000e+02 7.8316284578e-02 3.9509363621e-03
8.0100000000e+02 8.0104542461e-02 4.3132136766e-03
8.0200000000e+02 8.1048765200e-02 4.6304877650e-03
8.0300000000e+02 8.6075042429e-02 4.9042444367e-03
8.0400000000e+02 8.9380738339e-02 4.8423553224e-03
8.0500000000e+02 9.2823290261e-02 5.0390187754e-03
8.0600000000e+02 9.7017358989e-02 4.9197431916e-03
8.0700000000e+02 9.5725672635e-02 4.7522945335e-03
8.0800000000e+02 9.0580754829e-02 5.0438271355e-03
8.0900000000e+02 9.3240418931e-02 4.6077136408e-03
8.1000000000e+02 9.0428330664e-02 4.3654447503e-03
8.1100000000e+02 8.7755919347e-02 4.7138140070e-03
8.1200000000e+02 8.4574896247e-02 4.9941027150e-03
8.1300000000e+02 8.0171440005e-02 5.0382720583e-03
8.1400000000e+02 8.4861386045e-02 5.0504591567e-03
8.1500000000e+02 8.7958825416e-02 5.0592423838e-03
8.1600000000e+02 8.9126053297e-02 4.7249494661e-03
8.1700000000e+02 8.4960702125e-02 4.9203813110e-03
8.1800000000e+02 8.2663662116e-02 4.8068803650e-03
8.1900000000e+02 8.1378347298e-02 4.9046548718e-03
8.2000000000e+02 8.4586389655e-02 4.5596259355e-03
8.2100000000e+02 8.6742780778e-02 4.3161376740e-03
8.2200000000e+02 8.6084215957e-02 4.6551805018e-03
8.2300000000e+02 8.7468914501e-02 4.6881124831e-03
8.2400000000e+02 8.8832189160e-02 4.3629481237e-03
8.2500000000e+02 8.5695381741e-02 4.1005220195e-03
8.2600000000e+02 8.8005416466e-02 4.2775351947e-03
8.2700000000e+02 9.1981939024e-02 4.5589147157e-03
8.2800000000e+02 9.3211232955e-02 4.5492706488e-03
8.2900000000e+02 9.2801968481e-02 4.7483030307e-03
8.3000000000e+02 9.3092654527e-02 4.9876697747e-03
8.3100000000e+02 8.9062460553e-02 5.1698130172e-03
8.3200000000e+02 8.6872287454e-02 4.6940361403e-03
8.3300000000e+02 8.9095798597e-02 4.4167682528e-03
8.3400000000e+02 8.9547190517e-02 4.4988598361e-03
8.3500000000e+02 9.1342688958e-02 4.4973074757e-03
8.3600000000e+02 9.2655916197e-02 4.4100163006e-03
8.3700000000e+02 8.9850414729e-02 4.2764826996e-03
8.3800000000e+02 8.9230809170e-02 4.7131124620e-03
8.3900000000e+02 8.7632250165e-02 4.7356388217e-03
8.4000000000e+02 8.5163966254e-02 4.3437400355e-03
8.4100000000e+02 8.6465237859e-02 4.2620671205e-03
8.4200000000e+02 8.6716948670e-02 4.1996941109e-03
8.4300000000e+02 8.5081332391e-02 4.4892065449e-03
8.4400000000e+02 8.2917802685e-02 4.0072977685e-03
8.4500000000e+02 8.4532891673e-02 4.1347241803e-03
8.4600000000e+02 9.1327259990e-02 4.2353201289e-03
8.4700000000e+02 9.2039394553e-02 4.4673351403e-03
8.4800000000e+02 9.1707145713e-02 4.3673545600e-03
8.4900000000e+02 9.2019407343e-02 4.6635189602e-03
8.5000000000e+02 9.1864632568e-02 4.7856374426e-03
8.5100000000e+02 9.0826371190e-02 4.8531347383e-03
8.5200000000e+02 8.9943366957e-02 4.6444684301e-03
8.5300000000e+02 8.6316677320e-02 4.8025501739e-03
8.5400000000e+02 8.7346628182e-02 5.1145998454e-03
8.5500000000e+02 8.7002414538e-02 5.1883355784e-03
8.5600000000e+02 8.9883178406e-02 4.5497544852e-03
8.5700000000e+02 9.0362024936e-02 4.5794811059e-03
8.5800000000e+02 8.5083420855e-02 4.5133558405e-03
8.5900000000e+02 8.0671727693e-02 4.5267260161e-03
8.6000000000e+02 8.1450178423e-02 4.6267606067e-03
8.6100000000e+02 8.6180482956e-02 4.8244152145e-03
8.6200000000e+02 9.1847887362e-02 4.2910384874e-03
8.6300000000e+02 9.3394752220e-02 4.5777325063e-03
8.6400000000e+02 8.9743164849e-02 4.6374510490e-03
8.6500000000e+02 8.5346691200e-02 4.3623208588e-03
8.6600000000e+02 8.6873920308e-02 4.1762114922e-03
8.6700000000e+02 8.7237866501e-02 3.8182565441e-03
8.6800000000e+02 8.1498741467e-02 3.8825531189e-03
8.6900000000e+02 8.2031731609e-02 3.8324211369e-03
8.7000000000e+02 8.6233537635e-02 4.4401852641e-03
8.7100000000e+02 9.0994666165e-02 4.7267597871e-03
8.7200000000e+02 9.2394160115e-02 4.6926946318e-03
8.7300000000e+02 9.0342431345e-02 4.9575346719e-03
8.7400000000e+02 9.1896324199e-02 4.3308101398e-03
8.7500000000e+02 8.8033069708e-02 4.1429133408e-03
8.7600000000e+02 8.5771884224e-02 4.3120605799e-03
8.7700000000e+02 8.5388871874e-02 4.7888936674e-03
8.7800000000e+02 9.2343526361e-02 4.9916772045e-03
8.7900000000e+02 9.0928744113e-02 5.5071475775e-03
8.8000000000e+02 9.1939532234e-02 5.4313550736e-03
8.8100000000e+02 9.2590862376e-02 5.7921583023e-03
8.8200000000e+02 8.8883168317e-02 5.7150546148e-03
8.8300000000e+02 8.5637902038e-02 5.0909525562e-03
8.8400000000e+02 8.8590549187e-02 4.5942386901e-03
8.8500000000e+02 9.1339958929e-02 4.6368682809e-03
8.8600000000e+02 9.3099847986e-02 4.9218872888e-03
8.8700000000e+02 9.4300109515e-02 4.6806285749e-03
8.8800000000e+02 9.1570303729e-02 4.8008731450e-03
8.8900000000e+02 8.7944079870e-02 4.8206458704e-03
8.9000000000e+02 8.6187580947e-02 4.8640640327e-03
8.9100000000e+02 8.6907779605e-02 4.9589866335e-03
8.9200000000e+02 8.9332499162e-02 4.8464957389e-03
8.9300000000e+02 9.1137227147e-02 4.7265592383e-03
8.9400000000e+02 9.1824067032e-02 5.0083903927e-03
8.9500000000e+02 9.2578691196e-02 5.0369985511e-03
8.9600000000e+02 9.0934856474e-02 4.9555966665e-03
8.9700000000e+02 8.3386396232e-02 5.2909751180e-03
8.9800000000e+02 8.1962722466e-02 4.7484164593e-03
8.9900000000e+02 8.0395995577e-02 4.2432046315e-03
9.0000000000e+02 8.1321059118e-02 4.0019608369e-03
9.0100000000e+02 8.5107319596e-02 4.4804698721e-03
9.0200000000e+02 8.8703055869e-02 4.8096997445e-03
9.0300000000e+02 9.0777148422e-02 4.8937819397e-03
9.0400000000e+02 9.1337724862e-02 5.0074496970e-03
9.0500000000e+02 9.1410176047e-02 5.1261131965e-03
9.0600000000e+02 8.7639078912e-02 5.0122124793e-03
9.0700000000e+02 8.3438345095e-02 5.0912964912e-03
9.0800000000e+02 8.3319836921e-02 5.0664053883e-03
9.0900000000e+02 8.4160981409e-02 5.0133669750e-03
9.1000000000e+02 8.8799901435e-02 4.6961158402e-03
9.1100000000e+02 9.0565002375e-02 4.3377057583e-03
9.1200000000e+02 8.6813479439e-02 4.4319970621e-03
9.1300000000e+02 8.5199091580e-02 4.7078638362e-03
9.1400000000e+02 8.5804970192e-02 4.7154751463e-03
9.1500000000e+02 8.5669324049e-02 4.6783067225e-03
9.1600000000e+02 8.2494722834e-02 4.4067761968e-03
9.1700000000e+02 8.1352099670e-02 4.4824481832e-03
9.1800000000e+02 8.0039630205e-02 4.3065656227e-03
9.1900000000e+02 8.0628733426e-02 4.0113914613e-03
9.2000000000e+02 8.1474364289e-02 3.8479591585e-03
9.2100000000e+02 8.3601327193e-02 4.3045087344e-03
9.2200000000e+02 8.6324997525e-02 4.2632393025e-03
9.2300000000e+02 9.2576635683e-02 4.3934935778e-03
9.2400000000e+02 9.2481794918e-02 4.3870085323e-03
9.2500000000e+02 8.7239851405e-02 4.4133123611e-03
9.2600000000e+02 8.2423139310e-02 4.8794628104e-03
9.2700000000e+02 7.9945231282e-02 4.7607705053e-03
9.2800000000e+02 8.1056522996e-02 4.3674849203e-03
9.2900000000e+02 8.2338330117e-02 4.3368269001e-03
9.3000000000e+02 8.8140658863e-02 4.5322633039e-03
9.3100000000e+02 9.0007870404e-02 4.4517250261e-03
9.3200000000e+02 8.9674687114e-02 4.6530204195e-03
9.3300000000e+02 8.7385822882e-02 4.2603280415e-03
9.3400000000e+02 8.6495853931e-02 4.1496469741e-03
9.3500000000e+02 8.6955877912e-02 4.5310063791e-03
9.3600000000e+02 8.4754761035e-02 4.9942696081e-03
9.3700000000e+02 8.3669827012e-02 4.6265047226e-03
9.3800000000e+02 8.6726763144e-02 4.3907198896e-03
9.3900000000e+02 8.8975135558e-02 4.3734840109e-03
9.4000000000e+02 9.0719028427e-02 4.2953350819e-03
9.4100000000e+02 8.9452758213e-02 4.6873741269e-03
9.4200000000e+02 9.2110274278e-02 4.9989048777e-03
9.4300000000e+02 9.4609906935e-02 5.1774683363e-03
9.4400000000e+02 9.4890440626e-02 5.1898669771e-03
9.4500000000e+02 9.1791575673e-02 5.1857979962e-03
9.4600000000e+02 9.2218234466e-02 4.5492315173e-03
9.4700000000e+02 9.1079994336e-02 4.5176835797e-03
9.4800000000e+02 9.2758124244e-02 4.6746623608e-03
9.4900000000e+02 9.3279205002e-02 4.9366881397e-03
9.5000000000e+02 9.1544513827e-02 4.8111959129e-03
9.5100000000e+02 9.0441991265e-02 4.9939353081e-03
9.5200000000e+02 9.2155422031e-02 4.8841984006e-03
9.5300000000e+02 9.2083489423e-02 4.8221677964e-03
9.5400000000e+02 9.0398178069e-02 4.6823238283e-03
9.5500000000e+02 8.4938568669e-02 4.5269206042e-03
9.5600000000e+02 8.0529734967e-02 4.3104390369e-03
9.5700000000e+02 8.1056298582e-02 4.3337282728e-03
9.5800000000e+02 8.3832135255e-02 4.5779588162e-03
9.5900000000e+02 8.8042630483e-02 4.8660539911e-03
9.6000000000e+02 9.5884345883e-02 4.3605366509e-03
9.6100000000e+02 9.6308215205e-02 4.1817723813e-03
9.6200000000e+02 9.2246335055e-02 4.4140525244e-03
9.6300000000e+02 8.7034661697e-02 4.3020612158e-03
9.6400000000e+02 8.3947849944e-02 4.3279343919e-03
9.6500000000e+02 8.5030805875e-02 4.4000738168e-03
9.6600000000e+02 8.4272224912e-02 4.6108773042e-03
9.6700000000e+02 8.8400692073e-02 4.6769710359e-03
9.6800000000e+02 8.9004287048e-02 4.4861745315e-03
9.6900000000e+02 9.0246082839e-02 4.3732447309e-03
9.7000000000e+02 8.5570318859e-02 4.7045166994e-03
9.7100000000e+02 8.5751876563e-02 4.5222269472e-03
9.7200000000e+02 8.3801750012e-02 4.5503819318e-03
9.7300000000e+02 8.1054716083e-02 4.5469701740e-03
9.7400000000e+02 7.9074085916e-02 4.1350540279e-03
9.7500000000e+02 7.9376226937e-02 4.0201667144e-03
9.7600000000e+02 7.9263322029e-02 4.0011671075e-03
9.7700000000e+02 8.1308900484e-02 4.4189442966e-03
9.7800000000e+02 8.7903470306e-02 4.5654527341e-03
9.7900000000e+02 9.0587139469e-02 4.8658269838e-03
9.8000000000e+02 9.0080141946e-02 5.0998510888e-03
9.8100000000e+02 8.7531323000e-02 5.2092504930e-03
9.8200000000e+02 9.2562119479e-02 4.7069052421e-03
9.8300000000e+02 9.1507042512e-02 4.1847840303e-03
9.8400000000e+02 8.6567977146e-02 4.1693579122e-03
9.8500000000e+02 7.9923718681e-02 4.5032297075e-03
9.8600000000e+02 7.7845018615e-02 4.1676140816e-03
9.8700000000e+02 7.8188350899e-02 4.2033047892e-03
9.8800000000e+02 7.8970734561e-02 4.1341994829e-03
9.8900000000e+02 8.2246860255e-02 4.1354425574e-03
9.9000000000e+02 8.4128971873e-02 4.3518869002e-03
9.9100000000e+02 8.6413142562e-02 4.2082029478e-03
9.9200000000e+02 8.6969857036e-02 4.3422435521e-03
9.9300000000e+02 8.8194400430e-02 4.7075919121e-03
9.9400000000e+02 8.8596735609e-02 4.3519020482e-03
9.9500000000e+02 8.3328013359e-02 4.2872372292e-03
9.9600000000e+02 7.7925602105e-02 4.3294545184e-03
9.9700000000e+02 7.9471708343e-02 4.3969791248e-03
9.9800000000e+02 8.8047782165e-02 4.7620200628e-03
9.9900000000e+02 9.4754833737e-02 4.6992642686e-03
