0.000000000000000000e+00
3.401780432269050497e-02
4.110256453466412663e-02
4.358101872040997388e-02
4.297721147747712162e-02
4.259212276071309977e-02
3.841272211084093002e-02
3.551959789676071427e-02
4.255895618262028196e-02
3.951821914616540643e-02
3.916263463808197787e-02
3.764830373848719602e-02
4.126343864367338493e-02
3.303799492628146928e-02
4.322739391229712264e-02
2.954892438285192796e-02
3.025874170584503045e-02
3.015233782472654875e-02
3.472564560702296604e-02
4.234688624089504028e-02
4.155762102973264982e-02
4.195563903193874622e-02
3.709030180777933561e-02
4.618886987093092505e-02
4.353628571996451951e-02
3.093162372295657839e-02
3.139222509217202278e-02
3.820506391067003682e-02
3.339376870022097571e-02
3.779277796043156723e-02
3.107351883000145434e-02
2.749216896608510860e-02
2.433092001643831492e-02
2.179092572973481690e-02
2.544626954449520292e-02
2.348209868852546567e-02
2.785611767171473907e-02
1.983776438558281993e-02
1.767051037518204554e-02
2.067029927589190616e-02
1.882221696320396376e-02
2.281711522030852729e-02
1.672193965388303269e-02
1.648814500795919499e-02
1.292459613846512131e-02
1.514917978605751815e-02
1.932115029457855820e-02
2.787223844070216283e-02
3.051147893453481572e-02
2.548961572005233739e-02
