1.000000000000000000e+00
6.392278150062580266e-01
5.097418164834255361e-01
4.261412152638527351e-01
4.434453786583790746e-01
5.113651780184009787e-01
4.262450114159118675e-01
4.428588771419067482e-01
3.676519047407548757e-01
3.940685700897240684e-01
4.565025122960180148e-01
4.044102458577324422e-01
4.373151390355519696e-01
5.041022843316659285e-01
4.719088836843698398e-01
3.944459347748144329e-01
4.251766616793014042e-01
4.277137647660599340e-01
4.303027483162512046e-01
4.487481402648083595e-01
4.735839505356246315e-01
4.860755864812146276e-01
4.206523849778026625e-01
4.127399729439281684e-01
3.918875428673984085e-01
4.897842263742069879e-01
4.230400089288126608e-01
4.166693878699109232e-01
3.126427204046098307e-01
3.125826253370688201e-01
3.638191322477932199e-01
3.683316823372383420e-01
4.130316163072580982e-01
3.524845549397092603e-01
3.288047869365885445e-01
2.951964323935972745e-01
2.556491611515393503e-01
1.868892475317477098e-01
2.467521388669204896e-01
1.809603117574865583e-01
2.389625609186181998e-01
2.246597752159112393e-01
2.502638322392782277e-01
2.433771961400910122e-01
1.657616125161466003e-01
1.387000587828434717e-01
1.638361709657004117e-01
2.708050604628738922e-01
2.537214966501626923e-01
2.976188940861040910e-01
