0.000000000000000000e+00
1.251249688778775619e-02
2.186608899092293279e-02
2.486508120367719732e-02
3.120979343866088149e-02
3.285945668361160005e-02
3.560683130476919450e-02
3.641219739092219770e-02
3.576468604125952050e-02
3.254765098930714751e-02
3.188306213236271475e-02
3.777381591965129487e-02
3.061704186842933648e-02
4.174085598721586493e-02
3.124045967515004518e-02
3.017949595420549996e-02
2.583607593067728872e-02
3.459854446160150893e-02
3.655586406037937552e-02
3.686022530405244635e-02
3.368452692374852148e-02
3.283896765228265513e-02
4.101589465450648092e-02
4.209530160619226469e-02
4.003640133348915914e-02
4.021285750574423584e-02
4.046080521719444545e-02
4.432561751353395613e-02
4.099840506692955383e-02
3.726032795989535351e-02
3.490505621724564189e-02
3.563462784953658896e-02
2.714104302676270328e-02
2.540558112649502973e-02
3.334163617534926377e-02
3.969321595956213505e-02
3.590674422197033533e-02
3.802139280732780291e-02
3.851080082153299916e-02
2.167243384041693186e-02
2.150690471883276098e-02
2.026540213849787123e-02
2.293061912194300708e-02
1.874856963848913621e-02
2.683441043993091066e-02
2.733310607630890648e-02
3.248174936316943623e-02
2.743531868222177927e-02
2.743698988285368096e-02
3.071736116303696446e-02
