1.000000000000000000e+00
9.311188961979860457e-01
9.094123633794908290e-01
8.603582287333677581e-01
8.624533124619475632e-01
8.397902284942174722e-01
8.322267777702661018e-01
8.012014898288410958e-01
7.401754728866379862e-01
6.958230167545305100e-01
7.130905936902369735e-01
6.925514266840611111e-01
6.443784139776332909e-01
5.995938279318722142e-01
5.425056313120294460e-01
5.079427223174480810e-01
4.686132621161936962e-01
4.900642734374328069e-01
4.892333325006741340e-01
4.828365499309105746e-01
4.598827739410274451e-01
4.365422494454384017e-01
4.401723718212053882e-01
4.295434091321649883e-01
3.560578086838276368e-01
3.296831683044868511e-01
3.355111482654404287e-01
3.114301120661572275e-01
3.691800744793418132e-01
4.243162945887473114e-01
4.110332751534199747e-01
4.177965024443967001e-01
4.007427268652058450e-01
4.794409217454880801e-01
4.838712113910254020e-01
4.681278616117612867e-01
4.493122850200020890e-01
4.511890823799064587e-01
4.843436827089219743e-01
4.868359790389478192e-01
5.151055206271996090e-01
5.347315084580188671e-01
5.358670176173163657e-01
5.227364018321839501e-01
4.965789974681243946e-01
4.694311213966949614e-01
4.345871256992147602e-01
4.291627469436889442e-01
4.203148508973509889e-01
3.935987931675661855e-01
