1.000000000000000222e+00
9.359663459653957407e-01
9.144073936144921921e-01
8.771699397075722882e-01
8.128024736501131553e-01
8.021414251772253090e-01
7.680770652994326486e-01
7.486580611995443668e-01
7.025742563395616092e-01
6.693778651786220779e-01
7.314100395521261344e-01
6.850022753174677126e-01
6.940192060767856885e-01
7.062678767824667192e-01
7.084187589392700879e-01
7.210832733571207465e-01
6.952572818480281525e-01
7.029061938724618930e-01
6.788830883089128632e-01
6.639910664687069808e-01
6.259474942050831103e-01
6.435680013840657798e-01
5.712117963549094846e-01
5.659782909015829144e-01
5.401542074795184778e-01
5.385852703657685314e-01
5.652287854181674565e-01
5.643583511058738456e-01
5.417483714868962519e-01
5.201678198224091165e-01
5.122659763056864879e-01
4.976587044016259620e-01
4.943851988654310858e-01
4.767446110782775359e-01
4.697548680644649255e-01
4.310524421497253234e-01
4.094534574816942052e-01
3.932586340507054912e-01
3.925540715317722418e-01
4.168701050187469948e-01
3.966029201738951460e-01
3.687716642882642448e-01
3.889870662743454277e-01
3.919510241545325901e-01
4.164489107893777908e-01
3.749585004693158918e-01
3.801134014760753077e-01
3.951384355088929934e-01
3.793442835182573303e-01
3.715397924613078051e-01
