# index  mean  stderr
0.0000000000e+00 1.0000000000e+00 0.0000000000e+00
1.0000000000e+00 7.4503800756e-01 2.2379714173e-02
2.0000000000e+00 6.0735875482e-01 2.5816316475e-02
3.0000000000e+00 5.3945617549e-01 2.2850700100e-02
4.0000000000e+00 4.7349862416e-01 2.3772328677e-02
5.0000000000e+00 4.5577376961e-01 2.0793427594e-02
6.0000000000e+00 4.2866164644e-01 2.1475127976e-02
7.0000000000e+00 4.1879567134e-01 2.0544940331e-02
8.0000000000e+00 3.7710956587e-01 2.0653858712e-02
9.0000000000e+00 3.9857153572e-01 2.2014852692e-02
1.0000000000e+01 3.9465897710e-01 2.0516436280e-02
1.1000000000e+01 4.0007860882e-01 2.0290120715e-02
1.2000000000e+01 3.9890788942e-01 2.0096229376e-02
1.3000000000e+01 3.6762101178e-01 1.6955698811e-02
1.4000000000e+01 3.4228930443e-01 1.7088740674e-02
1.5000000000e+01 3.2059598674e-01 1.5849229831e-02
1.6000000000e+01 3.5302311411e-01 1.6587571903e-02
1.7000000000e+01 3.6005292348e-01 1.9064265544e-02
1.8000000000e+01 3.3446638153e-01 1.8602616869e-02
1.9000000000e+01 3.2789327217e-01 1.6844095437e-02
2.0000000000e+01 3.4265898546e-01 1.5790221785e-02
2.1000000000e+01 3.3710740923e-01 1.4402834688e-02
2.2000000000e+01 3.4748088264e-01 1.4759645563e-02
2.3000000000e+01 3.1629316749e-01 1.5434679906e-02
2.4000000000e+01 2.9707390903e-01 1.5060795764e-02
2.5000000000e+01 3.2156473003e-01 1.4655139786e-02
2.6000000000e+01 3.2180091876e-01 1.4793870222e-02
2.7000000000e+01 3.1213875969e-01 1.3527810332e-02
2.8000000000e+01 2.9568193979e-01 1.2924169169e-02
2.9000000000e+01 2.8191881478e-01 1.3463219926e-02
3.0000000000e+01 2.7791735418e-01 1.4737426423e-02
3.1000000000e+01 2.8748142848e-01 1.2775316306e-02
3.2000000000e+01 2.9328102072e-01 1.2677765923e-02
3.3000000000e+01 2.8722733408e-01 1.2114788759e-02
3.4000000000e+01 2.6716477734e-01 1.3746359269e-02
3.5000000000e+01 2.6454619613e-01 1.3710094638e-02
3.6000000000e+01 2.7058835409e-01 1.5051418007e-02
3.7000000000e+01 2.8252211084e-01 1.5101480215e-02
3.8000000000e+01 2.8744267875e-01 1.3652092457e-02
3.9000000000e+01 2.4893952906e-01 1.3796865034e-02
4.0000000000e+01 2.5314376881e-01 1.2947008032e-02
4.1000000000e+01 2.3743663688e-01 1.2231603908e-02
4.2000000000e+01 2.6335495973e-01 1.4040931995e-02
4.3000000000e+01 2.6552126863e-01 1.3317031406e-02
4.4000000000e+01 2.6241022796e-01 1.4121177791e-02
4.5000000000e+01 2.7900195996e-01 1.5612273553e-02
4.6000000000e+01 2.7145218440e-01 1.5475328160e-02
4.7000000000e+01 2.7131676295e-01 1.5522649160e-02
4.8000000000e+01 2.6934902837e-01 1.4303021663e-02
4.9000000000e+01 2.6748297655e-01 1.4051357168e-02
5.0000000000e+01 2.4649728822e-01 1.2958168346e-02
5.1000000000e+01 2.6693499005e-01 1.3978622222e-02
5.2000000000e+01 2.5200426086e-01 1.3101853610e-02
5.3000000000e+01 2.5150125131e-01 1.2299803573e-02
5.4000000000e+01 2.5564753780e-01 1.1224270094e-02
5.5000000000e+01 2.4909883461e-01 1.1775162665e-02
5.6000000000e+01 2.3507451197e-01 1.1463940579e-02
5.7000000000e+01 2.3988066315e-01 1.2616009991e-02
5.8000000000e+01 2.6066020989e-01 1.2851679705e-02
5.9000000000e+01 2.5700255703e-01 1.3135184413e-02
6.0000000000e+01 2.5331719234e-01 1.2839041054e-02
6.1000000000e+01 2.3990911844e-01 1.3600245218e-02
6.2000000000e+01 2.4760331334e-01 1.2743461034e-02
6.3000000000e+01 2.4790915512e-01 1.3429014614e-02
6.4000000000e+01 2.4415939002e-01 1.3964346689e-02
6.5000000000e+01 2.5353106942e-01 1.2590553997e-02
6.6000000000e+01 2.3733013736e-01 1.2319820790e-02
6.7000000000e+01 2.3814955920e-01 1.2522870187e-02
6.8000000000e+01 2.2094480751e-01 1.1739997532e-02
6.9000000000e+01 2.3684622598e-01 1.0452780887e-02
7.0000000000e+01 2.1714611509e-01 1.2432456223e-02
7.1000000000e+01 2.1378736368e-01 1.0895827931e-02
7.2000000000e+01 2.1123213404e-01 1.2148057155e-02
7.3000000000e+01 2.2016780371e-01 1.2640802033e-02
7.4000000000e+01 2.3510442645e-01 1.3162397837e-02
7.5000000000e+01 2.2383487172e-01 1.1943346378e-02
7.6000000000e+01 2.2372280525e-01 1.1528903198e-02
7.7000000000e+01 2.1017757633e-01 1.0788718616e-02
7.8000000000e+01 2.1399516413e-01 1.1498160548e-02
7.9000000000e+01 2.1368843117e-01 1.0411274084e-02
8.0000000000e+01 2.2597266615e-01 1.0565516966e-02
8.1000000000e+01 2.2223740176e-01 1.1621094992e-02
8.2000000000e+01 2.1819091965e-01 1.0762149225e-02
8.3000000000e+01 1.9841994701e-01 9.4406105569e-03
8.4000000000e+01 1.9325667352e-01 1.0516980400e-02
8.5000000000e+01 2.1732529769e-01 1.1259264844e-02
8.6000000000e+01 2.0098156831e-01 1.0378550812e-02
8.7000000000e+01 1.9862502740e-01 1.0226129887e-02
8.8000000000e+01 2.0323817043e-01 1.0880939285e-02
8.9000000000e+01 1.9542901819e-01 1.0849640627e-02
9.0000000000e+01 2.0078445050e-01 1.1642553124e-02
9.1000000000e+01 1.9792831249e-01 1.0912391464e-02
9.2000000000e+01 1.9332410091e-01 1.0627284839e-02
9.3000000000e+01 2.0951054481e-01 1.0454892310e-02
9.4000000000e+01 1.8849281559e-01 1.0406062458e-02
9.5000000000e+01 1.9719107601e-01 1.1491384714e-02
9.6000000000e+01 2.0416709768e-01 1.2219190669e-02
9.7000000000e+01 2.1995565613e-01 1.2391944334e-02
9.8000000000e+01 2.1556919625e-01 1.1505710237e-02
9.9000000000e+01 2.2857247584e-01 1.0214780282e-02
1.0000000000e+02 2.1454060385e-01 1.0517459057e-02
1.0100000000e+02 2.0468680920e-01 1.1573721494e-02
1.0200000000e+02 2.0227741288e-01 1.1168685047e-02
1.0300000000e+02 1.9664045876e-01 1.0140391155e-02
1.0400000000e+02 1.8950447070e-01 1.0832974728e-02
1.0500000000e+02 1.9725092933e-01 1.0794907848e-02
1.0600000000e+02 2.0057509361e-01 1.0877480007e-02
1.0700000000e+02 2.1416384796e-01 1.0571788485e-02
1.0800000000e+02 2.1531648502e-01 1.0692820045e-02
1.0900000000e+02 2.0604515163e-01 1.1314300469e-02
1.1000000000e+02 2.0025321092e-01 1.1104676653e-02
1.1100000000e+02 1.9423556891e-01 1.0191941649e-02
1.1200000000e+02 1.9055407025e-01 1.1271704349e-02
1.1300000000e+02 1.9955861891e-01 9.7783298881e-03
1.1400000000e+02 2.1106881546e-01 1.1276332942e-02
1.1500000000e+02 2.1151397779e-01 1.1092458032e-02
1.1600000000e+02 1.9449920089e-01 9.5399539967e-03
1.1700000000e+02 2.0692015361e-01 1.0660826389e-02
1.1800000000e+02 2.0737257724e-01 1.0877520522e-02
1.1900000000e+02 2.0468882224e-01 9.9196449083e-03
1.2000000000e+02 2.0807703874e-01 9.8500409674e-03
1.2100000000e+02 1.9656121602e-01 1.0288265729e-02
1.2200000000e+02 1.9192921595e-01 9.9230338918e-03
1.2300000000e+02 1.9697091244e-01 1.0015285157e-02
1.2400000000e+02 2.0129298996e-01 1.1042082761e-02
1.2500000000e+02 2.0566882968e-01 1.0528514695e-02
1.2600000000e+02 2.0382875485e-01 9.4206758854e-03
1.2700000000e+02 1.9852131067e-01 1.1142120777e-02
1.2800000000e+02 1.9698766819e-01 9.5453145734e-03
1.2900000000e+02 2.0748200485e-01 1.0529188891e-02
1.3000000000e+02 1.9975868073e-01 1.1380949013e-02
1.3100000000e+02 2.0249886413e-01 1.0899581040e-02
1.3200000000e+02 1.9216659018e-01 1.0925319026e-02
1.3300000000e+02 2.0202764190e-01 1.0657030249e-02
1.3400000000e+02 1.8995349091e-01 1.0664826989e-02
1.3500000000e+02 2.1016170734e-01 1.0049705321e-02
1.3600000000e+02 1.8959017162e-01 1.0441934536e-02
1.3700000000e+02 1.9391349288e-01 1.0619140938e-02
1.3800000000e+02 1.9714767299e-01 1.0286130628e-02
1.3900000000e+02 1.9394025524e-01 1.0919482695e-02
1.4000000000e+02 1.9983534204e-01 1.1735262165e-02
1.4100000000e+02 2.2013915375e-01 1.1865255631e-02
1.4200000000e+02 2.1331998010e-01 1.0806406887e-02
1.4300000000e+02 2.1822464249e-01 9.1314274823e-03
1.4400000000e+02 2.1603736147e-01 9.9042139474e-03
1.4500000000e+02 2.1377178906e-01 1.0730816965e-02
1.4600000000e+02 2.1097709407e-01 1.1322964934e-02
1.4700000000e+02 1.9912804625e-01 9.5843171537e-03
1.4800000000e+02 2.0582390856e-01 9.9434528937e-03
1.4900000000e+02 1.8751140113e-01 9.5179878468e-03
1.5000000000e+02 2.0747769454e-01 1.1123230692e-02
1.5100000000e+02 1.9509717408e-01 1.0621126042e-02
1.5200000000e+02 1.9695124669e-01 1.0310129435e-02
1.5300000000e+02 1.9377274126e-01 1.0131329793e-02
1.5400000000e+02 1.8521763309e-01 8.6343342651e-03
1.5500000000e+02 1.9249269110e-01 9.4822683894e-03
1.5600000000e+02 1.7560561468e-01 1.0473843109e-02
1.5700000000e+02 1.7894249127e-01 9.7233435168e-03
1.5800000000e+02 1.7482583194e-01 8.8186374219e-03
1.5900000000e+02 1.8358444973e-01 1.0226738976e-02
1.6000000000e+02 1.8209573141e-01 1.0389288080e-02
1.6100000000e+02 1.9328509286e-01 1.0695856289e-02
1.6200000000e+02 1.8130046326e-01 1.0421329380e-02
1.6300000000e+02 1.8861426039e-01 1.0971830846e-02
1.6400000000e+02 1.9321803885e-01 1.0127349802e-02
1.6500000000e+02 1.9289036535e-01 9.7324592017e-03
1.6600000000e+02 1.8303805255e-01 1.0893687663e-02
1.6700000000e+02 1.7933770855e-01 9.8454337917e-03
1.6800000000e+02 1.8034260672e-01 1.0645937816e-02
1.6900000000e+02 1.8523237063e-01 9.7082722731e-03
1.7000000000e+02 1.6706335395e-01 9.6156209151e-03
1.7100000000e+02 1.7617784507e-01 8.3942201165e-03
1.7200000000e+02 1.8470910870e-01 9.5328323586e-03
1.7300000000e+02 1.7891744658e-01 9.8076589191e-03
1.7400000000e+02 1.7649162355e-01 9.8626355133e-03
1.7500000000e+02 1.8145067837e-01 9.0751576809e-03
1.7600000000e+02 1.8854855825e-01 1.0404004225e-02
1.7700000000e+02 1.7871848386e-01 9.6408393669e-03
1.7800000000e+02 1.7128027543e-01 9.6167230243e-03
1.7900000000e+02 1.6116971726e-01 9.3439391461e-03
1.8000000000e+02 1.7992308477e-01 9.4134124108e-03
1.8100000000e+02 1.8481457939e-01 1.1079247366e-02
1.8200000000e+02 1.7732615931e-01 9.8916977417e-03
1.8300000000e+02 1.8075543593e-01 9.8192820114e-03
1.8400000000e+02 1.8128583556e-01 1.0167828586e-02
1.8500000000e+02 1.8317897807e-01 8.3950867412e-03
1.8600000000e+02 1.8489316754e-01 8.6293754210e-03
1.8700000000e+02 1.8431494913e-01 9.7293175354e-03
1.8800000000e+02 1.8356441103e-01 9.2863022296e-03
1.8900000000e+02 1.8324799043e-01 9.2590794902e-03
1.9000000000e+02 1.8119755725e-01 9.1436273298e-03
1.9100000000e+02 1.7955475206e-01 8.8369081392e-03
1.9200000000e+02 1.8148564905e-01 9.2512546546e-03
1.9300000000e+02 1.7053143438e-01 9.4327585827e-03
1.9400000000e+02 1.6621497408e-01 9.7474073839e-03
1.9500000000e+02 1.6560367818e-01 9.2733054902e-03
1.9600000000e+02 1.6857936553e-01 9.3676183167e-03
1.9700000000e+02 1.5932856876e-01 9.2199748941e-03
1.9800000000e+02 1.6141477261e-01 9.3237171639e-03
1.9900000000e+02 1.7904050240e-01 8.3234662227e-03
2.0000000000e+02 1.7299685610e-01 8.9478637713e-03
2.0100000000e+02 1.6703341172e-01 8.6068982480e-03
2.0200000000e+02 1.7748386117e-01 8.7690949596e-03
2.0300000000e+02 1.7837567552e-01 8.9104395785e-03
2.0400000000e+02 1.7949039810e-01 8.4732867867e-03
2.0500000000e+02 1.7144779348e-01 1.0031158973e-02
2.0600000000e+02 1.6394980483e-01 9.0688608105e-03
2.0700000000e+02 1.6375453532e-01 8.3611009331e-03
2.0800000000e+02 1.7486626340e-01 9.2185957126e-03
2.0900000000e+02 1.7831426462e-01 8.3595954854e-03
2.1000000000e+02 1.7304547967e-01 8.3186122357e-03
2.1100000000e+02 1.7492791487e-01 9.6958964089e-03
2.1200000000e+02 1.7194573952e-01 9.1196230315e-03
2.1300000000e+02 1.6970444296e-01 9.4669855278e-03
2.1400000000e+02 1.7670656028e-01 9.4603279985e-03
2.1500000000e+02 1.8204054925e-01 1.0230507999e-02
2.1600000000e+02 1.8257223814e-01 1.0045634277e-02
2.1700000000e+02 1.6460142050e-01 8.7000851206e-03
2.1800000000e+02 1.6266488024e-01 8.0748056422e-03
2.1900000000e+02 1.6073982276e-01 9.0953727221e-03
2.2000000000e+02 1.6381627968e-01 8.9818654211e-03
2.2100000000e+02 1.7347255012e-01 8.2267672605e-03
2.2200000000e+02 1.7653435425e-01 8.8859214103e-03
2.2300000000e+02 1.7600258453e-01 8.8799249067e-03
2.2400000000e+02 1.7319384885e-01 8.9376955105e-03
2.2500000000e+02 1.7782410176e-01 9.8666443010e-03
2.2600000000e+02 1.8061351094e-01 9.7526973690e-03
2.2700000000e+02 1.7075773279e-01 9.0504522655e-03
2.2800000000e+02 1.7839341137e-01 9.9923499236e-03
2.2900000000e+02 1.6499186436e-01 9.8077908892e-03
2.3000000000e+02 1.8153574903e-01 9.6074024025e-03
2.3100000000e+02 1.7562362151e-01 9.8524187947e-03
2.3200000000e+02 1.7823749610e-01 9.2462809693e-03
2.3300000000e+02 1.7020157813e-01 9.3798232002e-03
2.3400000000e+02 1.7692251489e-01 9.0206649514e-03
2.3500000000e+02 1.5934101198e-01 8.6538671748e-03
2.3600000000e+02 1.7036503385e-01 8.0862712865e-03
2.3700000000e+02 1.5611868653e-01 9.4206881721e-03
2.3800000000e+02 1.5762275568e-01 8.5704053966e-03
2.3900000000e+02 1.4687443997e-01 8.6938918595e-03
2.4000000000e+02 1.5155765880e-01 8.8181562852e-03
2.4100000000e+02 1.5122233680e-01 9.1273406208e-03
2.4200000000e+02 1.6911782789e-01 8.7019127653e-03
2.4300000000e+02 1.6887539839e-01 9.2313984232e-03
2.4400000000e+02 1.7866606684e-01 9.5735696682e-03
2.4500000000e+02 1.6884077381e-01 9.1677621878e-03
2.4600000000e+02 1.6779133616e-01 9.0231176934e-03
2.4700000000e+02 1.7242722324e-01 8.8952537443e-03
2.4800000000e+02 1.7478589733e-01 9.3017489915e-03
2.4900000000e+02 1.6563562407e-01 8.8699394614e-03
2.5000000000e+02 1.6983230321e-01 8.5293523767e-03
2.5100000000e+02 1.8654859498e-01 1.0458377358e-02
2.5200000000e+02 1.7950081392e-01 9.5491295635e-03
2.5300000000e+02 1.7480201066e-01 8.7328590182e-03
2.5400000000e+02 1.7037275204e-01 9.3283531135e-03
2.5500000000e+02 1.6325817853e-01 9.9015324014e-03
2.5600000000e+02 1.6489215852e-01 9.8194941850e-03
2.5700000000e+02 1.6082699722e-01 8.4808825856e-03
2.5800000000e+02 1.6408747801e-01 8.7802989508e-03
2.5900000000e+02 1.7703080943e-01 9.0619411064e-03
2.6000000000e+02 1.7374882850e-01 8.2185885934e-03
2.6100000000e+02 1.8719714815e-01 8.3930942886e-03
2.6200000000e+02 1.8631601247e-01 8.0906032704e-03
2.6300000000e+02 1.7440918442e-01 8.4036383266e-03
2.6400000000e+02 1.6666716106e-01 9.0728519167e-03
2.6500000000e+02 1.6305600925e-01 9.6260068356e-03
2.6600000000e+02 1.6214432081e-01 9.9734863030e-03
2.6700000000e+02 1.8442222573e-01 9.3422285706e-03
2.6800000000e+02 1.6710554769e-01 8.7005745254e-03
2.6900000000e+02 1.7706495474e-01 8.4666121400e-03
2.7000000000e+02 1.6649479263e-01 9.0345001867e-03
2.7100000000e+02 1.6806730527e-01 7.8023059769e-03
2.7200000000e+02 1.6546603207e-01 7.4386858831e-03
2.7300000000e+02 1.6762910392e-01 8.2518674929e-03
2.7400000000e+02 1.7267842146e-01 9.6748090357e-03
2.7500000000e+02 1.6958324551e-01 9.9303076546e-03
2.7600000000e+02 1.6622987653e-01 9.1007253531e-03
2.7700000000e+02 1.5797344593e-01 8.8067505064e-03
2.7800000000e+02 1.5952321034e-01 8.6617429629e-03
2.7900000000e+02 1.5548915000e-01 9.1014271349e-03
2.8000000000e+02 1.4756696377e-01 7.4096182385e-03
2.8100000000e+02 1.4501674181e-01 8.0204100672e-03
2.8200000000e+02 1.4727343041e-01 8.1065626700e-03
2.8300000000e+02 1.6566435318e-01 8.8949968826e-03
2.8400000000e+02 1.7077054921e-01 8.2141163223e-03
2.8500000000e+02 1.6194481038e-01 9.7321309700e-03
2.8600000000e+02 1.6694600330e-01 8.7811109570e-03
2.8700000000e+02 1.6843539602e-01 9.3780087978e-03
2.8800000000e+02 1.6381880697e-01 9.5882907759e-03
2.8900000000e+02 1.7331067445e-01 8.7007168697e-03
2.9000000000e+02 1.6836550971e-01 1.0063398259e-02
2.9100000000e+02 1.9240985879e-01 9.3921745269e-03
2.9200000000e+02 1.8190532204e-01 9.4060436504e-03
2.9300000000e+02 1.6187934449e-01 8.6101470049e-03
2.9400000000e+02 1.5325503739e-01 8.1005675598e-03
2.9500000000e+02 1.5623773060e-01 9.1723998952e-03
2.9600000000e+02 1.6500797530e-01 9.0645320504e-03
2.9700000000e+02 1.6642848242e-01 9.0039178859e-03
2.9800000000e+02 1.5639099817e-01 8.0237100423e-03
2.9900000000e+02 1.6608115348e-01 9.1847636345e-03
3.0000000000e+02 1.6911119616e-01 8.8750967943e-03
3.0100000000e+02 1.6581389124e-01 8.8755716191e-03
3.0200000000e+02 1.6031657014e-01 9.0516903709e-03
3.0300000000e+02 1.6116016720e-01 9.3598635170e-03
3.0400000000e+02 1.6791877401e-01 8.6318597840e-03
3.0500000000e+02 1.7066884135e-01 8.9145168754e-03
3.0600000000e+02 1.6479935870e-01 8.5050925226e-03
3.0700000000e+02 1.5578388967e-01 8.2483445410e-03
3.0800000000e+02 1.5150864652e-01 7.5263629951e-03
3.0900000000e+02 1.4412433858e-01 7.0359326565e-03
3.1000000000e+02 1.4826016571e-01 6.5455057695e-03
3.1100000000e+02 1.4471224534e-01 8.1576793957e-03
3.1200000000e+02 1.4974626647e-01 8.2812170976e-03
3.1300000000e+02 1.4515294443e-01 7.5619044948e-03
3.1400000000e+02 1.4559513184e-01 8.0589315843e-03
3.1500000000e+02 1.4187319037e-01 7.5211309527e-03
3.1600000000e+02 1.4263906774e-01 8.2552809961e-03
3.1700000000e+02 1.5546557262e-01 8.0689549010e-03
3.1800000000e+02 1.6015960288e-01 8.8380744953e-03
3.1900000000e+02 1.5850864054e-01 9.2484885830e-03
3.2000000000e+02 1.5524434313e-01 8.6398106117e-03
3.2100000000e+02 1.5070674707e-01 7.6520055978e-03
3.2200000000e+02 1.5515701974e-01 8.1021800062e-03
3.2300000000e+02 1.6613188836e-01 8.8957364569e-03
3.2400000000e+02 1.6007769097e-01 8.0723640365e-03
3.2500000000e+02 1.4774500934e-01 7.4972307475e-03
3.2600000000e+02 1.5020374690e-01 7.4651766029e-03
3.2700000000e+02 1.4149309960e-01 7.1522830216e-03
3.2800000000e+02 1.5410115023e-01 7.4625415474e-03
3.2900000000e+02 1.4888240894e-01 7.0327572620e-03
3.3000000000e+02 1.4802837583e-01 8.3018332805e-03
3.3100000000e+02 1.3408156221e-01 8.8858815578e-03
3.3200000000e+02 1.4779020469e-01 9.2864906932e-03
3.3300000000e+02 1.5726415987e-01 8.7525543285e-03
3.3400000000e+02 1.5859232428e-01 8.6545751113e-03
3.3500000000e+02 1.6127318753e-01 7.4804058391e-03
3.3600000000e+02 1.5808173984e-01 7.9023269260e-03
3.3700000000e+02 1.5809376833e-01 7.9174459394e-03
3.3800000000e+02 1.4793114717e-01 7.8343359612e-03
3.3900000000e+02 1.4605798465e-01 7.0090279325e-03
3.4000000000e+02 1.5207312935e-01 7.2400087547e-03
3.4100000000e+02 1.4719333000e-01 6.8277162522e-03
3.4200000000e+02 1.4321327770e-01 6.8562658738e-03
3.4300000000e+02 1.4910279623e-01 7.2348864444e-03
3.4400000000e+02 1.4869523797e-01 8.8317911382e-03
3.4500000000e+02 1.4473407436e-01 7.3699365115e-03
3.4600000000e+02 1.3980210656e-01 6.6469466419e-03
3.4700000000e+02 1.3978394076e-01 7.7448648604e-03
3.4800000000e+02 1.4859983697e-01 7.4759399796e-03
3.4900000000e+02 1.5126912235e-01 8.2910444979e-03
3.5000000000e+02 1.4913608528e-01 7.0581761304e-03
3.5100000000e+02 1.4468087535e-01 7.4694242464e-03
3.5200000000e+02 1.4703216775e-01 7.4150534688e-03
3.5300000000e+02 1.4995785421e-01 8.2273475859e-03
3.5400000000e+02 1.4573698508e-01 7.4257471354e-03
3.5500000000e+02 1.4540205445e-01 7.8536706703e-03
3.5600000000e+02 1.6078678844e-01 7.6773193218e-03
3.5700000000e+02 1.5633706666e-01 8.1841357881e-03
3.5800000000e+02 1.4206645413e-01 7.6616347155e-03
3.5900000000e+02 1.6165172503e-01 8.7289854898e-03
3.6000000000e+02 1.5741914289e-01 8.7731264637e-03
3.6100000000e+02 1.4764002688e-01 9.0256988501e-03
3.6200000000e+02 1.5374514939e-01 9.3537257212e-03
3.6300000000e+02 1.6235038514e-01 8.2587239702e-03
3.6400000000e+02 1.4956414040e-01 8.2439310990e-03
3.6500000000e+02 1.4359205140e-01 7.7642570981e-03
3.6600000000e+02 1.5050127016e-01 7.2550835418e-03
3.6700000000e+02 1.4414062297e-01 8.0928502985e-03
3.6800000000e+02 1.4260527678e-01 7.5521888067e-03
3.6900000000e+02 1.4165682759e-01 6.6106792051e-03
3.7000000000e+02 1.4937799201e-01 7.8334729069e-03
3.7100000000e+02 1.5062380361e-01 8.8544626922e-03
3.7200000000e+02 1.5830478533e-01 8.1949216857e-03
3.7300000000e+02 1.4935913186e-01 7.7011049189e-03
3.7400000000e+02 1.4743871425e-01 8.2892866410e-03
3.7500000000e+02 1.4456075900e-01 7.3932951107e-03
3.7600000000e+02 1.4689924609e-01 8.2051170624e-03
3.7700000000e+02 1.4395338993e-01 7.3087002469e-03
3.7800000000e+02 1.3427652139e-01 6.8449345319e-03
3.7900000000e+02 1.4659936026e-01 7.1600405166e-03
3.8000000000e+02 1.3676350327e-01 7.4974835996e-03
3.8100000000e+02 1.4198403327e-01 7.2772543832e-03
3.8200000000e+02 1.2922072087e-01 7.3934008735e-03
3.8300000000e+02 1.4024760499e-01 8.0529828682e-03
3.8400000000e+02 1.4407012788e-01 7.6889855149e-03
3.8500000000e+02 1.3956382109e-01 6.9261986491e-03
3.8600000000e+02 1.5740864266e-01 8.0575231863e-03
3.8700000000e+02 1.4659149675e-01 7.8198280000e-03
3.8800000000e+02 1.4431421148e-01 8.3198068982e-03
3.8900000000e+02 1.3814101252e-01 8.0721640909e-03
3.9000000000e+02 1.2878875103e-01 8.1656210220e-03
3.9100000000e+02 1.4107172020e-01 7.6131967014e-03
3.9200000000e+02 1.4261740599e-01 7.6346281427e-03
3.9300000000e+02 1.4126861757e-01 7.3901787204e-03
3.9400000000e+02 1.2802233368e-01 7.4149891438e-03
3.9500000000e+02 1.2837067928e-01 7.2198166061e-03
3.9600000000e+02 1.3459426451e-01 8.3219486578e-03
3.9700000000e+02 1.3628846663e-01 7.7927135494e-03
3.9800000000e+02 1.3989024452e-01 7.6265666254e-03
3.9900000000e+02 1.4299785927e-01 8.1892549364e-03
4.0000000000e+02 1.3742702211e-01 7.4325000576e-03
4.0100000000e+02 1.3451278461e-01 7.4409033745e-03
4.0200000000e+02 1.4338113829e-01 7.8916473444e-03
4.0300000000e+02 1.5577673613e-01 7.9203870489e-03
4.0400000000e+02 1.4216185091e-01 7.3486718878e-03
4.0500000000e+02 1.5794629407e-01 7.8896867533e-03
4.0600000000e+02 1.5609424536e-01 8.8382678980e-03
4.0700000000e+02 1.4911601357e-01 8.1910065017e-03
4.0800000000e+02 1.5435745038e-01 8.1287615545e-03
4.0900000000e+02 1.5102796810e-01 9.0134035941e-03
4.1000000000e+02 1.4780651812e-01 9.0749239075e-03
4.1100000000e+02 1.3773058900e-01 8.3627688871e-03
4.1200000000e+02 1.3880456162e-01 7.3904062370e-03
4.1300000000e+02 1.4145755313e-01 8.2208322188e-03
4.1400000000e+02 1.3962790585e-01 8.2850099557e-03
4.1500000000e+02 1.3794441654e-01 7.5437158129e-03
4.1600000000e+02 1.3219044745e-01 7.6043039042e-03
4.1700000000e+02 1.4695327880e-01 7.6163235623e-03
4.1800000000e+02 1.4139619003e-01 6.6795904965e-03
4.1900000000e+02 1.3790623436e-01 7.2143335687e-03
4.2000000000e+02 1.3499154006e-01 6.8958790246e-03
4.2100000000e+02 1.4550981323e-01 7.5883252852e-03
4.2200000000e+02 1.4142439033e-01 7.2891576447e-03
4.2300000000e+02 1.4829695422e-01 7.3354710918e-03
4.2400000000e+02 1.3704890998e-01 7.5840362286e-03
4.2500000000e+02 1.4858593877e-01 7.7698990936e-03
4.2600000000e+02 1.4355153500e-01 7.9712451936e-03
4.2700000000e+02 1.3877958237e-01 7.7792468195e-03
4.2800000000e+02 1.4744936636e-01 7.5684656993e-03
4.2900000000e+02 1.4936194647e-01 7.4804115893e-03
4.3000000000e+02 1.6083105688e-01 8.0818694742e-03
4.3100000000e+02 1.5528548997e-01 8.1260121861e-03
4.3200000000e+02 1.3551019936e-01 7.2529794542e-03
4.3300000000e+02 1.3765624468e-01 6.6807497633e-03
4.3400000000e+02 1.4716903685e-01 7.5007018543e-03
4.3500000000e+02 1.3748000166e-01 7.2031558687e-03
4.3600000000e+02 1.3460363323e-01 7.1078983282e-03
4.3700000000e+02 1.3529154396e-01 8.2645350520e-03
4.3800000000e+02 1.3382361429e-01 7.2031631142e-03
4.3900000000e+02 1.3936177876e-01 7.5068147427e-03
4.4000000000e+02 1.4036019026e-01 6.8224442296e-03
4.4100000000e+02 1.4589836408e-01 7.1232420595e-03
4.4200000000e+02 1.4889460298e-01 8.2564670742e-03
4.4300000000e+02 1.4478791370e-01 7.1435616976e-03
4.4400000000e+02 1.5655787186e-01 7.9467096568e-03
4.4500000000e+02 1.5094245947e-01 7.1057459841e-03
4.4600000000e+02 1.4905235587e-01 7.3641108073e-03
4.4700000000e+02 1.4801023710e-01 7.1037460499e-03
4.4800000000e+02 1.5695267189e-01 8.1367720183e-03
4.4900000000e+02 1.5399896981e-01 8.0564947608e-03
4.5000000000e+02 1.4906194123e-01 8.1401745255e-03
4.5100000000e+02 1.4915411808e-01 7.3434069180e-03
4.5200000000e+02 1.4810710976e-01 8.3067696697e-03
4.5300000000e+02 1.4868681968e-01 6.7187321982e-03
4.5400000000e+02 1.4661440060e-01 7.0029609530e-03
4.5500000000e+02 1.5188969651e-01 8.1598033950e-03
4.5600000000e+02 1.4439703315e-01 7.8397647413e-03
4.5700000000e+02 1.4986059857e-01 7.8216295866e-03
4.5800000000e+02 1.4771365455e-01 8.4276175325e-03
4.5900000000e+02 1.4386606935e-01 7.9793256858e-03
4.6000000000e+02 1.3197457971e-01 7.2796912322e-03
4.6100000000e+02 1.3952836406e-01 7.6300286035e-03
4.6200000000e+02 1.3602952042e-01 7.3217113369e-03
4.6300000000e+02 1.4209862131e-01 7.3561911817e-03
4.6400000000e+02 1.4060157639e-01 7.4075595753e-03
4.6500000000e+02 1.3850005741e-01 7.2623888637e-03
4.6600000000e+02 1.3470972887e-01 7.9131630818e-03
4.6700000000e+02 1.4079851633e-01 7.9192846412e-03
4.6800000000e+02 1.5197373367e-01 8.0937936813e-03
4.6900000000e+02 1.3392916593e-01 8.0195902057e-03
4.7000000000e+02 1.4132281134e-01 8.1100387134e-03
4.7100000000e+02 1.4675812867e-01 7.6962117594e-03
4.7200000000e+02 1.4388436188e-01 8.0857038441e-03
4.7300000000e+02 1.3849040083e-01 7.2451587649e-03
4.7400000000e+02 1.4836511128e-01 7.9658502646e-03
4.7500000000e+02 1.4175373713e-01 7.9467448951e-03
4.7600000000e+02 1.3743492304e-01 8.1193693639e-03
4.7700000000e+02 1.3655155502e-01 7.2993725662e-03
4.7800000000e+02 1.3658940810e-01 7.5199939722e-03
4.7900000000e+02 1.4395375195e-01 7.3737315870e-03
4.8000000000e+02 1.4596663905e-01 7.2964541532e-03
4.8100000000e+02 1.4299783693e-01 8.2586875956e-03
4.8200000000e+02 1.4324227641e-01 7.7547358303e-03
4.8300000000e+02 1.4043012011e-01 8.2005197651e-03
4.8400000000e+02 1.3879877172e-01 7.8972543162e-03
4.8500000000e+02 1.4109788386e-01 8.6037059519e-03
4.8600000000e+02 1.4993359094e-01 8.2769908926e-03
4.8700000000e+02 1.4058409680e-01 6.9755454357e-03
4.8800000000e+02 1.3877132670e-01 6.5294685924e-03
4.8900000000e+02 1.3756677607e-01 7.8123077636e-03
4.9000000000e+02 1.3954481241e-01 6.9844988232e-03
4.9100000000e+02 1.3529274999e-01 7.3359237419e-03
4.9200000000e+02 1.3341681868e-01 7.3726861224e-03
4.9300000000e+02 1.4876878281e-01 7.3793651803e-03
4.9400000000e+02 1.3273126119e-01 7.4727436711e-03
4.9500000000e+02 1.3623193588e-01 7.3655130516e-03
4.9600000000e+02 1.2985598783e-01 7.0865146027e-03
4.9700000000e+02 1.2844286174e-01 6.9983682668e-03
4.9800000000e+02 1.2221822353e-01 6.3054505684e-03
4.9900000000e+02 1.2132964971e-01 6.2992400540e-03
5.0000000000e+02 1.2704164994e-01 6.0352094451e-03
5.0100000000e+02 1.3498683693e-01 6.3748050473e-03
5.0200000000e+02 1.4500815600e-01 7.2858129436e-03
5.0300000000e+02 1.4170058051e-01 7.1745936254e-03
5.0400000000e+02 1.5149486470e-01 7.7776975629e-03
5.0500000000e+02 1.3306401164e-01 6.9255089462e-03
5.0600000000e+02 1.3471256445e-01 6.4857391185e-03
5.0700000000e+02 1.3841514778e-01 6.7963360348e-03
5.0800000000e+02 1.4750905516e-01 7.5156782806e-03
5.0900000000e+02 1.4761461053e-01 7.5591172603e-03
5.1000000000e+02 1.4637573696e-01 7.4612398483e-03
5.1100000000e+02 1.4530780739e-01 7.1378773559e-03
5.1200000000e+02 1.5079176615e-01 7.0961108830e-03
5.1300000000e+02 1.3904151845e-01 7.6598108052e-03
5.1400000000e+02 1.3951174101e-01 8.1158200997e-03
5.1500000000e+02 1.3089283784e-01 7.4184419839e-03
5.1600000000e+02 1.3585180744e-01 7.5584490767e-03
5.1700000000e+02 1.4363749347e-01 7.1707713835e-03
5.1800000000e+02 1.4245243297e-01 6.7491110044e-03
5.1900000000e+02 1.4857151807e-01 6.9545205502e-03
5.2000000000e+02 1.4655132542e-01 6.9952637650e-03
5.2100000000e+02 1.4681201848e-01 7.7345536414e-03
5.2200000000e+02 1.4455362878e-01 7.6126819580e-03
5.2300000000e+02 1.4168889270e-01 7.4835735040e-03
5.2400000000e+02 1.4254374691e-01 8.0445586483e-03
5.2500000000e+02 1.3656135663e-01 7.2520158898e-03
5.2600000000e+02 1.3501055099e-01 7.0666941496e-03
5.2700000000e+02 1.4368447421e-01 7.7687772205e-03
5.2800000000e+02 1.4662446757e-01 7.5367092903e-03
5.2900000000e+02 1.4073156106e-01 7.0056479780e-03
5.3000000000e+02 1.4490506964e-01 6.5077377799e-03
5.3100000000e+02 1.4225142908e-01 6.8554865591e-03
5.3200000000e+02 1.4770594393e-01 7.2149381307e-03
5.3300000000e+02 1.4746156886e-01 8.0928543824e-03
5.3400000000e+02 1.4463040099e-01 8.2734016719e-03
5.3500000000e+02 1.3439770108e-01 7.8545043836e-03
5.3600000000e+02 1.3502618297e-01 7.5033479096e-03
5.3700000000e+02 1.2742177510e-01 7.8612889514e-03
5.3800000000e+02 1.2653145183e-01 6.6151514929e-03
5.3900000000e+02 1.3103984596e-01 7.1567529002e-03
5.4000000000e+02 1.3202723094e-01 7.3263866105e-03
5.4100000000e+02 1.4511189575e-01 7.4225655495e-03
5.4200000000e+02 1.4350814400e-01 7.8621942141e-03
5.4300000000e+02 1.4346883326e-01 8.3951474119e-03
5.4400000000e+02 1.4688926359e-01 7.1937852297e-03
5.4500000000e+02 1.3533275387e-01 6.3833298672e-03
5.4600000000e+02 1.4176381054e-01 7.7050954254e-03
5.4700000000e+02 1.4587467120e-01 6.8495742915e-03
5.4800000000e+02 1.3374760990e-01 7.4973578062e-03
5.4900000000e+02 1.4058273018e-01 7.7961996945e-03
5.5000000000e+02 1.3261179859e-01 7.7604500608e-03
5.5100000000e+02 1.3675977749e-01 7.8632208119e-03
5.5200000000e+02 1.3540314669e-01 7.0688157332e-03
5.5300000000e+02 1.3412807488e-01 6.9966610005e-03
5.5400000000e+02 1.3582627053e-01 7.9401612998e-03
5.5500000000e+02 1.3344396719e-01 7.6774123284e-03
5.5600000000e+02 1.2793701395e-01 6.9787580704e-03
5.5700000000e+02 1.3262383829e-01 7.6593470537e-03
5.5800000000e+02 1.2780893989e-01 6.8691820624e-03
5.5900000000e+02 1.3073315888e-01 7.1716225731e-03
5.6000000000e+02 1.2667097668e-01 7.3393604663e-03
5.6100000000e+02 1.2880067622e-01 8.3060392030e-03
5.6200000000e+02 1.2673631858e-01 7.6125754697e-03
5.6300000000e+02 1.3145912981e-01 7.3168107297e-03
5.6400000000e+02 1.3294461712e-01 7.2525708185e-03
5.6500000000e+02 1.2866531345e-01 7.0183725341e-03
5.6600000000e+02 1.3656592433e-01 7.1069143682e-03
5.6700000000e+02 1.3081176407e-01 7.3188599102e-03
5.6800000000e+02 1.2763602909e-01 7.1992804008e-03
5.6900000000e+02 1.2226573744e-01 6.3234779919e-03
5.7000000000e+02 1.2515018586e-01 6.7883721802e-03
5.7100000000e+02 1.2772142132e-01 6.4212789119e-03
5.7200000000e+02 1.2921488772e-01 6.1762292035e-03
5.7300000000e+02 1.2569411584e-01 7.1213432963e-03
5.7400000000e+02 1.2566202375e-01 6.7823531772e-03
5.7500000000e+02 1.2880116759e-01 6.2716089218e-03
5.7600000000e+02 1.2448085194e-01 6.7359864595e-03
5.7700000000e+02 1.3529777320e-01 6.8010162485e-03
5.7800000000e+02 1.3654010063e-01 6.3373443879e-03
5.7900000000e+02 1.2834675528e-01 6.8487315832e-03
5.8000000000e+02 1.3070689510e-01 6.5392736322e-03
5.8100000000e+02 1.4483258790e-01 7.5109067185e-03
5.8200000000e+02 1.2364764027e-01 6.4161637025e-03
5.8300000000e+02 1.3045817861e-01 6.5247255652e-03
5.8400000000e+02 1.3493028643e-01 7.6041560648e-03
5.8500000000e+02 1.3764316226e-01 7.2852357121e-03
5.8600000000e+02 1.3602361246e-01 7.1044662390e-03
5.8700000000e+02 1.4359670650e-01 6.7125142266e-03
5.8800000000e+02 1.3867005479e-01 7.6215989787e-03
5.8900000000e+02 1.3486219075e-01 8.5363299220e-03
5.9000000000e+02 1.3568224858e-01 8.4282379021e-03
5.9100000000e+02 1.3272859601e-01 7.5203378990e-03
5.9200000000e+02 1.3757157986e-01 7.3548156899e-03
5.9300000000e+02 1.4403788992e-01 7.9046829411e-03
5.9400000000e+02 1.4040735106e-01 7.7032667119e-03
5.9500000000e+02 1.4496665109e-01 7.5106754784e-03
5.9600000000e+02 1.3406571024e-01 7.5567685273e-03
5.9700000000e+02 1.3971631654e-01 7.4855372993e-03
5.9800000000e+02 1.2829063035e-01 7.2304797122e-03
5.9900000000e+02 1.3343334036e-01 7.3277413355e-03
6.0000000000e+02 1.3424845606e-01 7.4497960685e-03
6.0100000000e+02 1.2680381082e-01 7.3510901898e-03
6.0200000000e+02 1.2209066735e-01 5.9119438146e-03
6.0300000000e+02 1.2734256683e-01 6.9336848504e-03
6.0400000000e+02 1.2316720834e-01 7.0713812657e-03
6.0500000000e+02 1.2674193523e-01 7.1806212549e-03
6.0600000000e+02 1.1879975404e-01 7.5864247671e-03
6.0700000000e+02 1.2354580852e-01 7.2478257709e-03
6.0800000000e+02 1.2449938177e-01 6.4962440441e-03
6.0900000000e+02 1.2474515924e-01 6.6100653832e-03
6.1000000000e+02 1.3240876446e-01 6.9338049821e-03
6.1100000000e+02 1.3052598994e-01 6.6621267892e-03
6.1200000000e+02 1.3127927866e-01 7.7174012678e-03
6.1300000000e+02 1.2813158847e-01 7.3782616762e-03
6.1400000000e+02 1.3713621214e-01 7.4832549105e-03
6.1500000000e+02 1.3691778585e-01 6.6378494813e-03
6.1600000000e+02 1.3735807661e-01 6.8916383885e-03
6.1700000000e+02 1.4529854576e-01 7.2521156229e-03
6.1800000000e+02 1.4067589813e-01 7.2835094177e-03
6.1900000000e+02 1.3747790396e-01 7.1860049616e-03
6.2000000000e+02 1.2614473810e-01 7.3832297346e-03
6.2100000000e+02 1.3255214641e-01 7.5761954518e-03
6.2200000000e+02 1.2985172701e-01 7.0693545428e-03
6.2300000000e+02 1.3042370091e-01 6.1894771012e-03
6.2400000000e+02 1.2480666152e-01 6.7759878886e-03
6.2500000000e+02 1.2475757681e-01 6.5382576716e-03
6.2600000000e+02 1.2303044359e-01 6.7714453612e-03
6.2700000000e+02 1.3696201743e-01 7.3487003065e-03
6.2800000000e+02 1.3597985563e-01 7.2519558080e-03
6.2900000000e+02 1.2598714657e-01 6.9745814225e-03
6.3000000000e+02 1.3152212854e-01 7.3192538147e-03
6.3100000000e+02 1.3223255982e-01 5.8439571605e-03
6.3200000000e+02 1.3221524958e-01 6.5945946001e-03
6.3300000000e+02 1.2940176551e-01 6.6723169766e-03
6.3400000000e+02 1.1832958916e-01 5.6485806915e-03
6.3500000000e+02 1.1778333070e-01 6.4515555901e-03
6.3600000000e+02 1.3333385682e-01 7.0666412773e-03
6.3700000000e+02 1.3055637715e-01 7.0046595478e-03
6.3800000000e+02 1.3885615110e-01 7.4442011185e-03
6.3900000000e+02 1.2829637820e-01 7.0167788823e-03
6.4000000000e+02 1.2628285518e-01 6.5564932492e-03
6.4100000000e+02 1.3314153772e-01 6.5776018402e-03
6.4200000000e+02 1.3080667343e-01 6.5127840590e-03
6.4300000000e+02 1.2113111947e-01 6.6451313934e-03
6.4400000000e+02 1.2639363518e-01 6.8282154898e-03
6.4500000000e+02 1.1594897853e-01 6.5348011495e-03
6.4600000000e+02 1.2310852780e-01 6.8257070063e-03
6.4700000000e+02 1.3161954603e-01 7.8631138748e-03
6.4800000000e+02 1.3169718151e-01 6.8123319846e-03
6.4900000000e+02 1.2303586045e-01 7.1840927731e-03
6.5000000000e+02 1.2915601625e-01 7.5784452551e-03
6.5100000000e+02 1.3420892982e-01 7.8436456860e-03
6.5200000000e+02 1.1670128207e-01 6.8016949620e-03
6.5300000000e+02 1.1414144259e-01 6.4976823186e-03
6.5400000000e+02 1.3161112178e-01 7.0830651849e-03
6.5500000000e+02 1.2461007927e-01 7.3432622627e-03
6.5600000000e+02 1.2570575033e-01 6.3379303283e-03
6.5700000000e+02 1.2750378992e-01 7.2003382180e-03
6.5800000000e+02 1.3059832806e-01 6.3854545478e-03
6.5900000000e+02 1.3248429662e-01 6.7335611971e-03
6.6000000000e+02 1.3392198148e-01 7.2113979081e-03
6.6100000000e+02 1.3832496163e-01 7.9225467835e-03
6.6200000000e+02 1.3384143037e-01 6.7990968062e-03
6.6300000000e+02 1.2229901429e-01 6.4448650419e-03
6.6400000000e+02 1.1998714956e-01 6.3744602620e-03
6.6500000000e+02 1.2571948611e-01 7.3270644733e-03
6.6600000000e+02 1.3689450226e-01 6.7808778154e-03
6.6700000000e+02 1.3556501214e-01 7.1532977670e-03
6.6800000000e+02 1.2437849378e-01 7.6473418056e-03
6.6900000000e+02 1.3174670376e-01 7.5694924051e-03
6.7000000000e+02 1.3541099209e-01 6.7457608492e-03
6.7100000000e+02 1.3561475942e-01 6.6846864182e-03
6.7200000000e+02 1.3477505721e-01 7.1287055341e-03
6.7300000000e+02 1.3079932092e-01 7.1069482389e-03
6.7400000000e+02 1.1575022293e-01 6.4798426591e-03
6.7500000000e+02 1.2068684053e-01 6.5771730132e-03
6.7600000000e+02 1.2207602640e-01 6.6557257688e-03
6.7700000000e+02 1.2563294633e-01 7.9577441028e-03
6.7800000000e+02 1.2510881425e-01 7.3569682793e-03
6.7900000000e+02 1.2960447093e-01 7.8482955298e-03
6.8000000000e+02 1.2935273183e-01 7.9858056186e-03
6.8100000000e+02 1.2414540746e-01 6.3905585253e-03
6.8200000000e+02 1.2527519069e-01 7.3940720520e-03
6.8300000000e+02 1.3671837369e-01 7.0897671377e-03
6.8400000000e+02 1.4027934184e-01 7.5422187738e-03
6.8500000000e+02 1.2637957254e-01 7.9983371908e-03
6.8600000000e+02 1.3170927552e-01 7.3935304592e-03
6.8700000000e+02 1.3879099555e-01 7.2331641369e-03
6.8800000000e+02 1.4154434850e-01 6.8728726944e-03
6.8900000000e+02 1.3923919709e-01 6.3488257574e-03
6.9000000000e+02 1.2588410797e-01 6.8457020371e-03
6.9100000000e+02 1.3453867385e-01 7.0396877744e-03
6.9200000000e+02 1.3825819139e-01 7.5208411730e-03
6.9300000000e+02 1.3602635776e-01 7.2402283085e-03
6.9400000000e+02 1.3549322689e-01 7.4438395727e-03
6.9500000000e+02 1.3290418943e-01 6.9140021537e-03
6.9600000000e+02 1.2390997848e-01 6.8202863786e-03
6.9700000000e+02 1.1417271500e-01 6.0644450119e-03
6.9800000000e+02 1.2850127662e-01 5.8607963295e-03
6.9900000000e+02 1.2976855327e-01 7.1052142148e-03
7.0000000000e+02 1.1995630565e-01 5.7224500051e-03
7.0100000000e+02 1.2628719339e-01 6.5092661725e-03
7.0200000000e+02 1.3050851195e-01 7.7211441430e-03
7.0300000000e+02 1.3299622499e-01 6.6889735234e-03
7.0400000000e+02 1.3292012805e-01 6.5335617832e-03
7.0500000000e+02 1.2058199698e-01 6.8964657707e-03
7.0600000000e+02 1.2183365847e-01 6.9278840233e-03
7.0700000000e+02 1.2560809868e-01 7.6384131208e-03
7.0800000000e+02 1.3096960358e-01 7.4931682694e-03
7.0900000000e+02 1.1805533838e-01 6.4784570938e-03
7.1000000000e+02 1.1488350360e-01 6.6672885570e-03
7.1100000000e+02 1.2808603607e-01 6.6827857857e-03
7.1200000000e+02 1.2609306658e-01 7.1837587638e-03
7.1300000000e+02 1.2906971931e-01 8.0178537892e-03
7.1400000000e+02 1.3224663019e-01 7.3369776208e-03
7.1500000000e+02 1.3919799122e-01 8.0294238848e-03
7.1600000000e+02 1.3344521232e-01 7.7614043319e-03
7.1700000000e+02 1.2671986820e-01 7.3005814042e-03
7.1800000000e+02 1.2793331145e-01 7.1817629803e-03
7.1900000000e+02 1.3206664935e-01 7.3909124137e-03
7.2000000000e+02 1.2712685041e-01 7.1986816906e-03
7.2100000000e+02 1.2134066123e-01 7.3548677584e-03
7.2200000000e+02 1.1997307640e-01 7.1310559569e-03
7.2300000000e+02 1.2178352176e-01 6.5281701659e-03
7.2400000000e+02 1.1107693976e-01 6.5133248644e-03
7.2500000000e+02 1.2200671736e-01 6.7482562496e-03
7.2600000000e+02 1.2696487325e-01 7.1387388306e-03
7.2700000000e+02 1.3072062976e-01 7.1080418293e-03
7.2800000000e+02 1.2533693157e-01 6.5686260181e-03
7.2900000000e+02 1.2481330551e-01 6.7321541923e-03
7.3000000000e+02 1.1718763235e-01 6.5313057965e-03
7.3100000000e+02 1.1423442729e-01 5.7289000641e-03
7.3200000000e+02 1.2262887408e-01 6.1580788592e-03
7.3300000000e+02 1.2528712399e-01 6.0493561070e-03
7.3400000000e+02 1.2393450542e-01 6.3461262411e-03
7.3500000000e+02 1.2449318820e-01 6.8328967449e-03
7.3600000000e+02 1.2787502349e-01 7.2591909001e-03
7.3700000000e+02 1.3376363391e-01 6.9635439881e-03
7.3800000000e+02 1.2596312177e-01 6.9199533226e-03
7.3900000000e+02 1.1839822352e-01 6.5897696001e-03
7.4000000000e+02 1.1872640272e-01 7.1484707699e-03
7.4100000000e+02 1.3084088800e-01 7.1554848154e-03
7.4200000000e+02 1.3003774026e-01 6.9256902560e-03
7.4300000000e+02 1.1807329028e-01 6.6617310762e-03
7.4400000000e+02 1.1414121497e-01 6.6864841562e-03
7.4500000000e+02 1.1980119210e-01 7.0416205468e-03
7.4600000000e+02 1.1688452583e-01 6.6145892182e-03
7.4700000000e+02 1.1330948050e-01 7.0148540944e-03
7.4800000000e+02 1.2664023120e-01 6.6665846915e-03
7.4900000000e+02 1.2280097338e-01 6.1797107848e-03
7.5000000000e+02 1.1811416303e-01 6.1902944880e-03
7.5100000000e+02 1.1286954947e-01 6.3666473863e-03
7.5200000000e+02 1.2136944837e-01 6.4155553271e-03
7.5300000000e+02 1.2713075346e-01 5.9516139970e-03
7.5400000000e+02 1.1210435453e-01 5.7158688751e-03
7.5500000000e+02 1.2078248615e-01 5.5415023901e-03
7.5600000000e+02 1.2144307661e-01 6.1078962568e-03
7.5700000000e+02 1.1386364615e-01 6.3624414921e-03
7.5800000000e+02 1.1418439602e-01 6.4334737695e-03
7.5900000000e+02 1.1600639759e-01 6.0418343012e-03
7.6000000000e+02 1.2022153178e-01 5.8710051777e-03
7.6100000000e+02 1.1564894216e-01 6.0993577588e-03
7.6200000000e+02 1.2310985571e-01 5.1747537019e-03
7.6300000000e+02 1.2428060909e-01 6.1925210083e-03
7.6400000000e+02 1.2481717155e-01 6.5125935886e-03
7.6500000000e+02 1.2682074518e-01 6.5985349872e-03
7.6600000000e+02 1.1931664387e-01 6.1281692592e-03
7.6700000000e+02 1.1489479355e-01 6.2960356627e-03
7.6800000000e+02 1.1695854258e-01 6.3130253900e-03
7.6900000000e+02 1.0752530521e-01 6.3372764929e-03
7.7000000000e+02 1.2311559729e-01 6.6904867940e-03
7.7100000000e+02 1.2444895411e-01 6.8935430346e-03
7.7200000000e+02 1.1653358711e-01 6.7094404187e-03
7.7300000000e+02 1.1741847307e-01 6.4426172638e-03
7.7400000000e+02 1.1467040296e-01 6.0610472577e-03
7.7500000000e+02 1.0949914657e-01 5.4074015053e-03
7.7600000000e+02 1.2330820493e-01 5.8354960415e-03
7.7700000000e+02 1.2207850639e-01 6.0234801208e-03
7.7800000000e+02 1.1496212864e-01 7.1632065643e-03
7.7900000000e+02 1.3244141008e-01 6.5647284694e-03
7.8000000000e+02 1.2207303982e-01 6.7152149648e-03
7.8100000000e+02 1.2141008820e-01 5.9096695054e-03
7.8200000000e+02 1.1237720285e-01 5.8712027650e-03
7.8300000000e+02 1.2013296863e-01 5.8790527914e-03
7.8400000000e+02 1.2194833275e-01 5.7313269988e-03
7.8500000000e+02 1.2446900227e-01 6.5953297376e-03
7.8600000000e+02 1.1564839132e-01 6.2828987702e-03
7.8700000000e+02 1.1948677487e-01 6.6258223389e-03
7.8800000000e+02 1.1889509028e-01 6.1174658165e-03
7.8900000000e+02 1.2414091424e-01 6.1482944379e-03
7.9000000000e+02 1.2870948142e-01 7.1335221242e-03
7.9100000000e+02 1.2128099197e-01 6.5164765995e-03
7.9200000000e+02 1.1820095358e-01 5.8372901378e-03
7.9300000000e+02 1.2350714350e-01 6.2524206565e-03
7.9400000000e+02 1.1495210683e-01 6.2197125402e-03
7.9500000000e+02 1.1489328469e-01 5.7099922640e-03
7.9600000000e+02 1.1793720436e-01 6.6091267061e-03
7.9700000000e+02 1.0626678356e-01 5.9826447139e-03
7.9800000000e+02 1.2110579288e-01 7.1805718460e-03
7.9900000000e+02 1.2873892384e-01 7.2549326458e-03
8.0000000000e+02 1.1898934954e-01 6.4423907060e-03
8.0100000000e+02 1.2395651132e-01 6.2037319140e-03
8.0200000000e+02 1.2483953232e-01 6.9444056141e-03
8.0300000000e+02 1.2099316810e-01 7.0778414196e-03
8.0400000000e+02 1.1704173642e-01 7.3264484317e-03
8.0500000000e+02 1.1586154575e-01 7.4024942882e-03
8.0600000000e+02 1.2118045064e-01 6.5990489754e-03
8.0700000000e+02 1.1940787125e-01 6.6084862902e-03
8.0800000000e+02 1.1886983478e-01 5.9305241784e-03
8.0900000000e+02 1.2275469997e-01 6.2406592000e-03
8.1000000000e+02 1.2211488665e-01 6.4354915825e-03
8.1100000000e+02 1.2324239500e-01 6.7641151032e-03
8.1200000000e+02 1.2163323773e-01 7.2456524606e-03
8.1300000000e+02 1.2667995931e-01 6.4882250566e-03
8.1400000000e+02 1.1656113310e-01 6.7147189915e-03
8.1500000000e+02 1.2295792277e-01 7.0649818842e-03
8.1600000000e+02 1.3209853521e-01 7.2124678345e-03
8.1700000000e+02 1.2498010878e-01 6.5261068011e-03
8.1800000000e+02 1.2831982908e-01 6.7630139614e-03
8.1900000000e+02 1.2929107287e-01 6.6435694212e-03
8.2000000000e+02 1.3019445776e-01 6.8535137492e-03
8.2100000000e+02 1.2413145618e-01 6.9470869432e-03
8.2200000000e+02 1.1732013161e-01 6.7045340030e-03
8.2300000000e+02 1.3059773130e-01 7.5575892677e-03
8.2400000000e+02 1.2602895612e-01 7.6862829610e-03
8.2500000000e+02 1.2659767656e-01 7.7783723315e-03
8.2600000000e+02 1.1246243438e-01 6.2114443129e-03
8.2700000000e+02 1.2124253466e-01 6.7715583796e-03
8.2800000000e+02 1.2194894132e-01 7.0028527934e-03
8.2900000000e+02 1.2306427759e-01 7.0890603658e-03
8.3000000000e+02 1.2497534041e-01 6.7750054605e-03
8.3100000000e+02 1.2402269362e-01 7.4036025446e-03
8.3200000000e+02 1.2259204463e-01 7.4864614096e-03
8.3300000000e+02 1.1627350779e-01 5.8743964127e-03
8.3400000000e+02 1.1531544991e-01 6.5075464981e-03
8.3500000000e+02 1.1774879736e-01 6.4845258809e-03
8.3600000000e+02 1.2919445670e-01 6.4922290072e-03
8.3700000000e+02 1.2108518727e-01 6.6010002911e-03
8.3800000000e+02 1.2526358141e-01 6.5009116937e-03
8.3900000000e+02 1.1859283417e-01 6.5172095012e-03
8.4000000000e+02 1.1727927232e-01 5.9192917052e-03
8.4100000000e+02 1.1799321339e-01 6.2233502518e-03
8.4200000000e+02 1.2471186815e-01 6.7647389465e-03
8.4300000000e+02 1.1630753117e-01 6.4052061198e-03
8.4400000000e+02 1.1150523479e-01 5.7771053799e-03
8.4500000000e+02 1.2080208909e-01 5.9222117915e-03
8.4600000000e+02 1.1497863548e-01 6.4181587044e-03
8.4700000000e+02 1.2445838131e-01 7.0199099155e-03
8.4800000000e+02 1.2571402362e-01 6.7380603519e-03
8.4900000000e+02 1.2368421507e-01 6.7810875708e-03
8.5000000000e+02 1.1733191722e-01 6.6198531348e-03
8.5100000000e+02 1.1329843767e-01 6.2380507381e-03
8.5200000000e+02 1.1668587807e-01 5.9406775290e-03
8.5300000000e+02 1.1787854776e-01 6.3301343780e-03
8.5400000000e+02 1.1303204485e-01 5.9183391904e-03
8.5500000000e+02 1.1336139046e-01 6.1560785368e-03
8.5600000000e+02 1.1270865954e-01 6.5186503916e-03
8.5700000000e+02 1.1870847343e-01 6.3367956920e-03
8.5800000000e+02 1.1240395224e-01 6.5222371923e-03
8.5900000000e+02 1.0353255981e-01 5.7345189481e-03
8.6000000000e+02 1.0465842825e-01 5.2582474629e-03
8.6100000000e+02 1.2133010166e-01 6.5473972202e-03
8.6200000000e+02 1.1412247803e-01 5.9707010811e-03
8.6300000000e+02 1.2617085906e-01 7.0655104889e-03
8.6400000000e+02 1.2855333418e-01 7.2860976077e-03
8.6500000000e+02 1.2289773134e-01 6.6250722066e-03
8.6600000000e+02 1.2689872824e-01 6.7650154907e-03
8.6700000000e+02 1.2904428232e-01 6.5433107281e-03
8.6800000000e+02 1.2267753472e-01 6.4425995869e-03
8.6900000000e+02 1.2595441001e-01 7.3213205121e-03
8.7000000000e+02 1.2206532744e-01 6.8201275871e-03
8.7100000000e+02 1.1580420768e-01 6.3574090160e-03
8.7200000000e+02 1.1284042256e-01 5.5117429601e-03
8.7300000000e+02 1.1686204389e-01 5.2973463111e-03
8.7400000000e+02 1.1703885144e-01 6.2093540078e-03
8.7500000000e+02 1.2702080520e-01 6.5431511625e-03
8.7600000000e+02 1.1553108793e-01 6.5073778186e-03
8.7700000000e+02 1.1203805135e-01 6.3520230568e-03
8.7800000000e+02 1.1639479173e-01 6.6202318140e-03
8.7900000000e+02 1.2350579613e-01 6.8682739051e-03
8.8000000000e+02 1.1780898597e-01 6.7249392612e-03
8.8100000000e+02 1.1557283515e-01 6.7299580659e-03
8.8200000000e+02 1.2181700262e-01 6.5468648308e-03
8.8300000000e+02 1.2574299653e-01 6.7436100261e-03
8.8400000000e+02 1.2006508920e-01 5.9702650095e-03
8.8500000000e+02 1.1521700986e-01 6.0416030103e-03
8.8600000000e+02 1.0918262719e-01 6.0187774048e-03
8.8700000000e+02 1.1834269361e-01 5.9034810166e-03
8.8800000000e+02 1.1881514064e-01 6.6405797521e-03
8.8900000000e+02 1.2326564177e-01 7.2105710430e-03
8.9000000000e+02 1.0794894379e-01 7.0366899120e-03
8.9100000000e+02 1.1627693481e-01 7.0223526555e-03
8.9200000000e+02 1.1987601443e-01 6.4638875923e-03
8.9300000000e+02 1.2572597369e-01 7.2254293906e-03
8.9400000000e+02 1.3136136036e-01 7.7118217389e-03
8.9500000000e+02 1.2241620711e-01 7.2259095364e-03
8.9600000000e+02 1.2786619630e-01 7.1512213821e-03
8.9700000000e+02 1.2297498742e-01 6.6980460033e-03
8.9800000000e+02 1.1688700227e-01 6.0409572184e-03
8.9900000000e+02 1.1468119869e-01 6.2604440893e-03
9.0000000000e+02 1.2313789642e-01 5.9979385232e-03
9.0100000000e+02 1.1870390310e-01 6.6230179751e-03
9.0200000000e+02 1.2160303241e-01 6.1599552900e-03
9.0300000000e+02 1.2416477329e-01 6.1435331717e-03
9.0400000000e+02 1.2562772502e-01 7.1493795932e-03
9.0500000000e+02 1.2435980319e-01 6.8241803892e-03
9.0600000000e+02 1.2024221453e-01 6.4184792225e-03
9.0700000000e+02 1.2670329048e-01 6.9825745523e-03
9.0800000000e+02 1.3054915827e-01 7.0045930483e-03
9.0900000000e+02 1.2266348655e-01 7.0492969082e-03
9.1000000000e+02 1.1808290410e-01 6.2958642372e-03
9.1100000000e+02 1.2121732039e-01 6.2459709896e-03
9.1200000000e+02 1.1358647692e-01 6.2005227449e-03
9.1300000000e+02 1.1685659167e-01 5.9597276250e-03
9.1400000000e+02 1.1481954256e-01 5.4879943577e-03
9.1500000000e+02 1.2681279642e-01 6.1343061319e-03
9.1600000000e+02 1.2786117217e-01 5.9957901019e-03
9.1700000000e+02 1.2874880927e-01 7.1371395943e-03
9.1800000000e+02 1.2148190890e-01 7.1296225301e-03
9.1900000000e+02 1.1832679518e-01 6.4620896002e-03
9.2000000000e+02 1.2261266609e-01 6.6782956289e-03
9.2100000000e+02 1.2182778556e-01 6.1573183399e-03
9.2200000000e+02 1.2224790638e-01 6.3757828786e-03
9.2300000000e+02 1.1606758091e-01 6.3094617108e-03
9.2400000000e+02 1.2143334785e-01 5.9433388153e-03
9.2500000000e+02 1.2327960896e-01 5.8688336088e-03
9.2600000000e+02 1.1026804290e-01 5.7648552528e-03
9.2700000000e+02 1.1137080865e-01 5.6781647505e-03
9.2800000000e+02 1.1312586644e-01 5.9432003498e-03
9.2900000000e+02 1.1539810295e-01 5.9009962826e-03
9.3000000000e+02 1.1582392308e-01 6.0052922347e-03
9.3100000000e+02 1.1221723471e-01 6.2366221111e-03
9.3200000000e+02 1.1766879245e-01 6.6029745961e-03
9.3300000000e+02 1.1290535165e-01 6.8681941555e-03
9.3400000000e+02 1.0759034130e-01 6.2532863104e-03
9.3500000000e+02 1.0709661084e-01 6.3085056981e-03
9.3600000000e+02 1.0924636868e-01 6.1569448977e-03
9.3700000000e+02 1.0931842173e-01 6.1044969116e-03
9.3800000000e+02 1.1464960671e-01 6.1880187718e-03
9.3900000000e+02 1.0996098376e-01 5.8414543820e-03
9.4000000000e+02 1.1520432869e-01 6.4664112588e-03
9.4100000000e+02 1.0829202429e-01 6.5861713563e-03
9.4200000000e+02 1.1043757223e-01 6.1642262081e-03
9.4300000000e+02 1.0690333691e-01 5.6857858190e-03
9.4400000000e+02 1.1339295521e-01 6.3737167225e-03
9.4500000000e+02 1.1146746649e-01 6.2352316286e-03
9.4600000000e+02 1.2002045014e-01 6.7837054993e-03
9.4700000000e+02 1.1948580305e-01 6.4062973781e-03
9.4800000000e+02 1.1146478688e-01 6.8214688716e-03
9.4900000000e+02 1.1828769187e-01 6.5067471071e-03
9.5000000000e+02 1.1933665113e-01 6.2697810926e-03
9.5100000000e+02 1.2131825225e-01 5.8410555387e-03
9.5200000000e+02 1.1213412325e-01 6.3844604427e-03
9.5300000000e+02 1.1592233631e-01 6.4699783721e-03
9.5400000000e+02 1.1507751112e-01 6.2018404975e-03
9.5500000000e+02 1.2089348962e-01 5.8007937185e-03
9.5600000000e+02 1.2672219961e-01 6.4145337210e-03
9.5700000000e+02 1.1626528921e-01 5.7445087372e-03
9.5800000000e+02 1.1662987251e-01 6.2200091617e-03
9.5900000000e+02 1.1624456039e-01 6.1020131545e-03
9.6000000000e+02 1.1128349003e-01 6.4735633074e-03
9.6100000000e+02 1.1741308194e-01 5.8738136848e-03
9.6200000000e+02 1.1559810649e-01 6.2633714047e-03
9.6300000000e+02 1.2392350246e-01 6.6736993078e-03
9.6400000000e+02 1.3063745816e-01 6.4576014586e-03
9.6500000000e+02 1.2876916272e-01 6.6407554914e-03
9.6600000000e+02 1.3392030609e-01 6.6500044185e-03
9.6700000000e+02 1.2144525599e-01 6.3740051120e-03
9.6800000000e+02 1.1852478890e-01 6.7932504578e-03
9.6900000000e+02 1.1081612757e-01 6.3234612938e-03
9.7000000000e+02 1.1220072693e-01 5.8545841566e-03
9.7100000000e+02 1.1901281464e-01 6.1516192704e-03
9.7200000000e+02 1.1846056366e-01 5.7968083708e-03
9.7300000000e+02 1.2635399977e-01 5.4137166551e-03
9.7400000000e+02 1.1330694099e-01 6.1243794374e-03
9.7500000000e+02 1.2014990998e-01 6.2071654218e-03
9.7600000000e+02 1.1355219633e-01 5.7675662563e-03
9.7700000000e+02 1.1761440427e-01 5.6427979576e-03
9.7800000000e+02 1.1906263744e-01 5.7246039894e-03
9.7900000000e+02 1.2233719647e-01 6.6913919507e-03
9.8000000000e+02 1.2089020946e-01 6.6535964514e-03
9.8100000000e+02 1.2733189573e-01 6.5527354879e-03
9.8200000000e+02 1.2090659863e-01 6.0206200462e-03
9.8300000000e+02 1.2259087003e-01 5.5751591056e-03
9.8400000000e+02 1.1049777559e-01 5.6763266154e-03
9.8500000000e+02 1.1561339826e-01 6.0503582978e-03
9.8600000000e+02 1.1546751588e-01 6.0254364360e-03
9.8700000000e+02 1.1879893830e-01 6.4493811672e-03
9.8800000000e+02 1.1499868417e-01 5.9714290160e-03
9.8900000000e+02 1.1013819246e-01 6.1778333354e-03
9.9000000000e+02 1.2721151845e-01 7.0647844633e-03
9.9100000000e+02 1.2915838549e-01 6.6361962920e-03
9.9200000000e+02 1.3812593016e-01 6.4866947528e-03
9.9300000000e+02 1.3164730826e-01 6.8229931723e-03
9.9400000000e+02 1.3238958650e-01 6.8750541752e-03
9.9500000000e+02 1.2781324621e-01 6.5485711013e-03
9.9600000000e+02 1.2004959818e-01 6.1778663358e-03
9.9700000000e+02 1.1754043324e-01 6.7474887884e-03
9.9800000000e+02 1.1856843525e-01 6.3035795500e-03
9.9900000000e+02 1.2168951655e-01 6.8968122882e-03
