1.000000000000000000e+00
4.859551362851561862e-01
5.312455142476013581e-01
3.451997599752142376e-01
4.905714209776206869e-01
3.239205256489460782e-01
4.202944865772219041e-01
3.476380983428740690e-01
3.356678145045162154e-01
4.556315982468295833e-01
4.038468248320447596e-01
3.151146056392030159e-01
2.375311226964054168e-01
2.490139532178623494e-01
2.978574468075371184e-01
2.845381461893483621e-01
1.657955231317616573e-01
2.429261194775362287e-01
2.468605366270365253e-01
3.145822458846688763e-01
3.095205371096495517e-01
3.716367563055728573e-01
3.225660538373453234e-01
3.952205465532662165e-01
3.427517248107895265e-01
3.668213719879174772e-01
3.052602516796574794e-01
2.034494175336304111e-01
2.077337641370066434e-01
2.612958146329236730e-01
2.411545114804297951e-01
2.205302010427694914e-01
2.648082200353130689e-01
2.449529532293302503e-01
2.571215317994641758e-01
2.517438560049639618e-01
1.745801355380352249e-01
2.096408351854852081e-01
2.019440072791601481e-01
3.140913964469501662e-01
3.034466933286180668e-01
2.546331420065975903e-01
2.651796678149718756e-01
2.137498199721163950e-01
1.828910998136838439e-01
2.154345953827541960e-01
2.501013227235071579e-01
2.369383684745808571e-01
2.745917879710800813e-01
2.309867857213868947e-01
