1.000000000000000000e+00
7.872155047772487757e-01
4.346840681088476321e-01
4.555654728850061508e-01
4.541040337203926525e-01
3.225675362539215940e-01
2.516474374259128344e-01
4.725125067873021112e-01
4.269645943100699448e-01
4.287485012913389570e-01
3.504896508851211290e-01
3.019567844127540313e-01
4.208933564400562100e-01
4.523022789452819659e-01
3.309492387758052878e-01
3.144668138948947256e-01
2.498378487014383253e-01
2.785855150582022266e-01
2.212620037845805521e-01
3.812690991398495766e-01
3.613427490395351716e-01
2.560449969536001125e-01
2.495502223320276713e-01
2.033808409064608858e-01
2.018974429659120273e-01
2.076840542976422788e-01
2.036752926871913394e-01
1.731568619500369055e-01
1.702766857233457831e-01
1.389004048703918193e-01
2.926204579589801735e-01
2.130617994266711945e-01
1.814448153905050265e-01
2.532834706961996085e-01
1.790996812533874327e-01
1.513374750497783472e-01
1.872097492854832290e-01
2.906189505283709451e-01
2.543865285556398681e-01
2.290432157970970495e-01
2.731277957751503394e-01
2.703836169299197456e-01
3.171253781912214409e-01
1.804568888072216326e-01
2.098272180760765160e-01
2.536281815794847461e-01
2.116150406422435126e-01
2.236262914823213266e-01
1.438286449576559878e-01
1.422570501276785859e-01
