0.000000000000000000e+00
7.284240701179897984e-03
1.577634620617713451e-02
1.643232191699221106e-02
1.578663420248949470e-02
2.372191107988779607e-02
2.054840409727797315e-02
2.310299136502127690e-02
2.047364837491688627e-02
2.427129324214633357e-02
1.596854090898021730e-02
2.608547877503701942e-02
2.461858023275140250e-02
1.740594816912656786e-02
2.581036451812571825e-02
2.850130933363789060e-02
2.575014994524268963e-02
2.157035489197841119e-02
2.697845416588861428e-02
3.020300120805149979e-02
2.421949671882559982e-02
2.180391046877881364e-02
2.305543996049429917e-02
3.323472092411359352e-02
2.986935198178799697e-02
3.400028373056820236e-02
3.515928299011173569e-02
3.513223760099039999e-02
3.461486739948588937e-02
4.077159729022122175e-02
4.273780802866678635e-02
4.211875485409986852e-02
4.319179877664949124e-02
3.938776969140330569e-02
4.243554820333263200e-02
4.158336336251045734e-02
3.890460638338271576e-02
3.985646058534671188e-02
3.930527602365401635e-02
3.621251811900691453e-02
4.383341077381407852e-02
3.896628106898752247e-02
3.965871293230167210e-02
4.142801019154334491e-02
4.233721425934425936e-02
4.241171302629587192e-02
3.812030021568999644e-02
3.618663650348724614e-02
3.518118710055085502e-02
3.809959401349898023e-02
