0.000000000000000000e+00
3.555426274688534838e-02
3.449848868795359763e-02
4.830834022234540420e-02
4.521985416402279911e-02
4.044868904583178576e-02
3.334908686408544209e-02
4.075478568968694815e-02
3.385201350705416973e-02
3.843324696903890197e-02
3.265983016754302887e-02
3.052168400294931125e-02
2.858220893713804903e-02
2.448805683097788483e-02
2.667621946860571774e-02
3.453596707632725082e-02
4.077826735979377115e-02
3.057715449525580734e-02
1.369852466467273017e-02
2.374617264271560585e-02
3.232787252854246035e-02
3.451437376618318037e-02
1.882142334628137889e-02
2.205806347677243331e-02
3.479476784522521349e-02
3.285823123308531657e-02
3.014951101238752540e-02
1.675007874770071542e-02
2.251026425238300543e-02
1.687722966106657702e-02
2.086446638180969662e-02
2.289421979066786836e-02
1.869779580215564715e-02
1.802708959682576897e-02
2.180936769052801288e-02
2.002740170789223464e-02
1.967645946572194396e-02
2.442327496825379141e-02
2.629561354799257386e-02
2.731049071029300127e-02
2.391783750643831918e-02
2.208175500732264748e-02
2.360691944689792196e-02
2.497432397137718668e-02
1.955123137157613322e-02
1.315193406938629933e-02
1.235100055144170046e-02
1.870419494243015165e-02
1.740131628028041000e-02
1.161816004306307458e-02
