1.000000000000000000e+00
9.291110638388021536e-01
7.228327658785558274e-01
4.844632702858854834e-01
3.588840133718889658e-01
3.957922981471302393e-01
4.015822154504476993e-01
3.231748277753717646e-01
3.532443997403723057e-01
3.613785661148598005e-01
3.046947605554248262e-01
2.001966761367121317e-01
1.885095305839011304e-01
1.821239541634403214e-01
1.839913314229135177e-01
3.046189455148053393e-01
4.059494479814409473e-01
4.587282718974819984e-01
4.365091078354286780e-01
3.414928043925131718e-01
2.514756261391677405e-01
1.566440902692382009e-01
1.386731621894221889e-01
1.640220418410172354e-01
2.023322406580781441e-01
1.975282273899318375e-01
2.102452791605062821e-01
1.823689072741839501e-01
1.655315868047786132e-01
1.972141317621476375e-01
2.197082559586913120e-01
1.834868954061922575e-01
1.829912423642518771e-01
1.548604967513693143e-01
1.687363350286513741e-01
2.093892174623337155e-01
2.601404795870569386e-01
2.773351004177278534e-01
2.538992909902680339e-01
2.003337071971363070e-01
1.329718002119844311e-01
7.621818497746224441e-02
7.325384439340561216e-02
8.878251543509019239e-02
1.274241032127063356e-01
1.512013449852923908e-01
1.600309553159139087e-01
1.532999479815156385e-01
1.536075799611778814e-01
1.776245474227682308e-01
