1.000000000000000000e+00
9.577983956532861720e-01
9.195717896079779186e-01
9.040659762814529099e-01
8.726015518969653106e-01
8.352688539432928660e-01
8.110084753551080050e-01
7.906258549080392717e-01
7.779052957081958874e-01
7.702203622749046463e-01
7.792779420542147450e-01
7.497457987195857987e-01
7.797050633533786357e-01
7.653123629470584000e-01
7.038765385326752888e-01
7.130079576917160988e-01
7.118292979154223765e-01
7.031231628894072383e-01
7.121221675895920145e-01
6.522072549890685078e-01
6.822019103335157375e-01
6.686315023421223191e-01
6.356329548916587191e-01
6.195909008086639691e-01
6.361548352933191763e-01
5.930756442414601981e-01
5.640519849267262575e-01
5.347412888045722790e-01
5.746156337747212461e-01
5.594109493327953375e-01
5.412275305164545580e-01
5.476622045830430441e-01
4.776170168642909775e-01
5.085087614751045981e-01
4.805485899563002872e-01
4.517087315766927236e-01
4.361774691448286889e-01
4.558648551535261495e-01
4.606659309767876520e-01
5.260830273449328409e-01
5.210404735549045707e-01
5.048137930754791336e-01
4.878835418231083909e-01
4.642111085954844785e-01
4.931798641863903154e-01
5.353825706626001990e-01
4.872762821981816428e-01
4.445192389224268403e-01
4.233999448042883307e-01
3.945602422020611511e-01
