1.000000000000000000e+00
5.203023755781316373e-01
6.257852577407253536e-01
5.480480387745824133e-01
5.687596198550173288e-01
4.645078946282977794e-01
4.096525142437193456e-01
2.964086257178947248e-01
2.141453123924915158e-01
3.069562674419412662e-01
3.291529877496842671e-01
4.647250899701127480e-01
3.120232368339080353e-01
3.336240788371234722e-01
2.655431865315909246e-01
3.886079567315116057e-01
3.332956176626910016e-01
2.776631780542163641e-01
2.894383104218865577e-01
2.322060321876289746e-01
1.972838108117497824e-01
2.397397116630746727e-01
2.674549102619243057e-01
1.807079297842243693e-01
2.374454275050737473e-01
2.210092876928544392e-01
2.000080139284124703e-01
2.301968119688166947e-01
2.603129443200812854e-01
1.504709925494075728e-01
2.548210977352556861e-01
2.909622337840657713e-01
1.609575099353035277e-01
2.570210444455610088e-01
2.436130833036646293e-01
3.143566316740974420e-01
3.632951994431665721e-01
3.159859845366915776e-01
2.386945170496626578e-01
2.936760769885743971e-01
2.720241840003783107e-01
3.129191300812703691e-01
2.216450072519610681e-01
2.342296229803769170e-01
2.620495239745893601e-01
3.495746980864106734e-01
2.729465124464095505e-01
2.837211996567564620e-01
2.242950796871162056e-01
1.838412118701931441e-01
