1.000000000000000000e+00
6.559169026441078465e-01
5.277469511617056686e-01
4.321717429860909010e-01
4.787486032123238755e-01
3.772723230482876722e-01
3.267520064676364688e-01
4.469551855884851266e-01
3.567840708644772763e-01
4.556371378970546226e-01
4.634452034658959607e-01
3.261134844407540534e-01
4.328943937694432753e-01
2.974008712742142180e-01
4.165902619966461162e-01
4.430374710757472023e-01
3.947115185575039153e-01
3.752179666775092848e-01
3.859857651781781196e-01
3.030566835407028092e-01
2.925331697364946804e-01
2.845152995329106038e-01
2.716157400398355737e-01
2.312146497828916070e-01
3.411504170545224812e-01
3.654860322495633862e-01
2.769539058028695488e-01
2.423964379085943310e-01
2.908574672583216225e-01
2.318601227157519595e-01
2.418355227418096387e-01
2.078525869911790613e-01
2.753967269300317544e-01
1.984682353201623894e-01
2.103921609349698463e-01
2.289408824232794237e-01
1.865425722076571591e-01
2.818903202995636237e-01
2.490419501247136957e-01
2.343565315039375929e-01
2.643492702325107024e-01
2.444089446591603543e-01
2.342165923666694738e-01
1.807777653425519104e-01
1.951374270281759915e-01
1.495862703345093303e-01
1.340090773325386675e-01
1.787160856224321581e-01
1.785397784084823136e-01
1.359735506869892141e-01
