0.000000000000000000e+00
3.648878808311326050e-02
2.216045466684909288e-02
1.838616080884255752e-02
2.641192460818057516e-02
2.750350210345050422e-02
3.132469279472585577e-02
3.490912403636172584e-02
3.960961825104775819e-02
3.929416305228193573e-02
4.316766781769821454e-02
3.633629309452085510e-02
3.736870659965849106e-02
4.580717740684433353e-02
4.180914360370947824e-02
3.557290848927126964e-02
3.605190499727299602e-02
3.732202602085121779e-02
3.486219720543357048e-02
3.300233299060879172e-02
3.979851286496575297e-02
4.804739406648508848e-02
4.054565282918084351e-02
4.280216024858694845e-02
3.007305623653457050e-02
2.829303917844613186e-02
3.166080582427628631e-02
3.428121582147403840e-02
2.965245752732323728e-02
3.825177345756802794e-02
3.495570612228338786e-02
3.366797945478289950e-02
3.005407467400578528e-02
2.709949728833003016e-02
3.280579540111294712e-02
3.574413160202054296e-02
3.270741579170059060e-02
3.080856102560776411e-02
3.273851376829652743e-02
2.717445985399291261e-02
3.568170876958781657e-02
3.215811216181485577e-02
2.264331224787980226e-02
3.214095882578665853e-02
3.276995098889160657e-02
2.495082605225098366e-02
2.412281896429298647e-02
2.152202198739837022e-02
2.547897012627018884e-02
2.755260430241078529e-02
