0.000000000000000000e+00
3.340368963304844036e-02
3.481715356136558942e-02
2.704510199456358274e-02
2.245025686129711179e-02
2.531895769704899102e-02
3.193825724180514303e-02
3.242450756730209244e-02
3.134970968233523336e-02
2.995635809214863832e-02
2.870036598601552122e-02
2.128439670286052035e-02
3.590723199275301647e-02
3.095645667844277790e-02
3.328332536495779564e-02
2.604520848445687764e-02
2.929300365873726414e-02
3.563751891557492141e-02
1.811252464354424010e-02
3.234161618466517563e-02
2.390348481073718487e-02
2.350323988512708837e-02
2.610937263813265310e-02
2.357036236632313250e-02
3.109159166653026329e-02
2.868939565712792100e-02
2.217754213688879691e-02
2.918758310460980304e-02
3.539811474743103509e-02
1.746595011346821491e-02
2.142221066427745652e-02
1.647470597085451058e-02
1.166974349882247790e-02
1.468005687221488574e-02
2.062159984142832719e-02
1.893731332236542678e-02
1.715486556185526548e-02
1.686712468360986039e-02
1.638702386533441233e-02
2.093107523376230503e-02
1.638065607421839917e-02
1.772695621936944133e-02
2.714627700494679635e-02
2.440617242031265302e-02
1.605929018306198608e-02
1.383659753971438686e-02
1.729895471118087988e-02
2.289662713346258052e-02
1.973885793538340122e-02
2.196623564987488370e-02
