1.000000000000000000e+00
8.001950179457295587e-01
7.925442972429043165e-01
8.013388368950156160e-01
7.840077839564159046e-01
7.735101836895118543e-01
7.830779406772695461e-01
6.857870027767759558e-01
6.449437303247940179e-01
6.251534203989655980e-01
6.056621949508503855e-01
5.836788286688843197e-01
5.433908001784677477e-01
5.469924016849698756e-01
5.023458048830508060e-01
4.696417950275716957e-01
4.463322528094253450e-01
4.236293337709321483e-01
3.914081453603892036e-01
4.595051746175277674e-01
5.414757163785305361e-01
4.442816860290279557e-01
4.389143022586286524e-01
4.028603930932271870e-01
4.001149390467535483e-01
3.885693160273638314e-01
3.462568529975078024e-01
2.919045593671963923e-01
3.294558456284619186e-01
3.981479321542236716e-01
4.226309107711068158e-01
4.697804461175543733e-01
4.472627437133082640e-01
4.496585561844660406e-01
4.522801701932244178e-01
4.480905985778166345e-01
4.696218067934336271e-01
4.272102089521840895e-01
3.857887975798520164e-01
4.313863975670517159e-01
3.702687444476897016e-01
4.643441771188603906e-01
4.431070403004430114e-01
4.225661193307377883e-01
3.314887855890407131e-01
2.591832913302957175e-01
2.086756203352901351e-01
1.975698135318574855e-01
2.600869026973405829e-01
2.765056262462386449e-01
