0.000000000000000000e+00
3.102599937449095763e-02
3.831896528357629783e-02
4.014764323180955441e-02
3.812855600609087181e-02
3.353714715938344026e-02
3.724883158187914517e-02
2.888008441360130282e-02
1.630411086646788021e-02
2.746394671832892015e-02
3.491764799647494727e-02
3.718887834724015490e-02
3.074855489481467460e-02
2.346200493145426946e-02
2.594199001510154659e-02
2.926312430212235638e-02
3.681345454361063113e-02
3.916532331333812122e-02
2.611283234264881806e-02
2.888854956207707880e-02
2.769738046700665965e-02
3.280763155089055916e-02
2.955518312202215156e-02
3.003674244440995497e-02
2.877185626563881146e-02
2.813326267491672583e-02
1.573880024575776554e-02
2.655980538374600602e-02
2.073870947724724273e-02
2.181229216562367151e-02
2.658002020031513535e-02
2.494307596321682433e-02
1.509442510806428828e-02
1.346665164862160917e-02
2.644676148211665481e-02
3.313971081358679099e-02
3.534417879859510364e-02
2.098851520694907519e-02
3.185364625749081274e-02
2.676761215146164150e-02
2.151190612078331815e-02
1.962280585393388899e-02
2.766048729582092774e-02
2.545634201427751306e-02
3.336260840261214694e-02
1.829496242972103101e-02
2.173194557479858971e-02
3.002516995204214389e-02
9.178939745804391009e-03
1.191952109354017277e-02
