1.000000000000000000e+00
9.302202052296200119e-01
7.607279185135881194e-01
5.848612114981185384e-01
4.796212910478584446e-01
4.507851867136357660e-01
4.735000161385072848e-01
5.219468107953079139e-01
5.615563537388855719e-01
5.756557839231469798e-01
5.734532826161614638e-01
5.677807302241121290e-01
5.623096430419634029e-01
5.579437631244182905e-01
5.568378411759514757e-01
5.608298653086645214e-01
5.698464981013187103e-01
5.793470593074188102e-01
5.825839380981248095e-01
5.783635123755532792e-01
5.734608890014826210e-01
5.760596364693207905e-01
5.876808215095249421e-01
6.016125105057156253e-01
6.091470637524745158e-01
6.073570883742435145e-01
6.009047807375209604e-01
5.968372291538258656e-01
5.981699771635280438e-01
6.023030728341802753e-01
6.046851070405366846e-01
6.033396154584453885e-01
5.998926539924390733e-01
5.969183038437427813e-01
5.954301173421149285e-01
5.950729235969786091e-01
5.955263719447732029e-01
5.969290995999265714e-01
5.990153840883029046e-01
6.003470753710676844e-01
5.992539752042571610e-01
5.958007694543258070e-01
5.922257652066996725e-01
5.909713698142394778e-01
5.922550971507697382e-01
5.937292825398400309e-01
5.927318673424606388e-01
5.889252084329089643e-01
5.846437633110718179e-01
5.826580785755097747e-01
5.836822186343110230e-01
5.860267348294876388e-01
5.874522526581010817e-01
5.871654468100000468e-01
5.860729344545543285e-01
5.854376477473917095e-01
5.856625010024065769e-01
5.863267603916572090e-01
5.869626730221374489e-01
5.874869490583132237e-01
5.878986988847464401e-01
5.878725212600065531e-01
5.870513608871978928e-01
5.857678969767707855e-01
5.851173034213504875e-01
5.860254905964132899e-01
5.882159499164589800e-01
5.902637316149191848e-01
5.908711815723962646e-01
5.901289831574302314e-01
5.894267966746554732e-01
5.900712158192672474e-01
5.920162106388053846e-01
5.939601104859325575e-01
5.946266999867749758e-01
5.938896042031515110e-01
5.926878465024827403e-01
5.920058077334795499e-01
5.920712119714169885e-01
5.924645812932249900e-01
5.927614081326610940e-01
5.928997532797699588e-01
5.929721215554765168e-01
5.929029477092661038e-01
5.925537211308321561e-01
5.920913475089936151e-01
5.920040043034920929e-01
5.925915447756001653e-01
5.934734410657270809e-01
5.937687387908326953e-01
5.929115533746374123e-01
5.912848410247140141e-01
5.899454873812651767e-01
5.896553062542262413e-01
5.901851744618733520e-01
5.905925780428401550e-01
5.901684895537705478e-01
5.890847464612011253e-01
5.881378333477592646e-01
5.879429660010565550e-01
