1.000000000000000000e+00
9.742455248295567305e-01
9.479460924369658148e-01
9.191957341404346504e-01
9.035357887833177504e-01
8.926596651820049022e-01
8.668878162465247783e-01
8.508097207600945344e-01
8.854775935644649820e-01
8.504707556393616974e-01
8.384150904282922090e-01
8.143527559590560960e-01
7.840728790115254476e-01
7.864409072305509341e-01
7.329724219774828020e-01
7.254313751216872053e-01
6.707606283246174694e-01
6.613614123947278989e-01
6.449009786332835503e-01
6.345799308589491483e-01
6.343226130750654335e-01
5.881968664121145496e-01
5.348901172847241314e-01
5.115325966672173985e-01
5.211997590224617394e-01
5.113487753093540755e-01
4.754745145530446804e-01
4.917709196705353780e-01
4.787869214589135503e-01
4.540899081984194896e-01
4.388655241593520939e-01
4.498239985363466364e-01
4.395709434130340432e-01
4.344451401164214910e-01
4.189467276035198640e-01
4.694793898641282937e-01
4.105486659405879202e-01
4.362376197688548340e-01
4.353948277479622320e-01
4.606281427333913103e-01
4.579199231696050032e-01
4.802561759146017906e-01
4.717158036385261655e-01
4.418540587736289882e-01
4.342322765349749258e-01
4.189741885672070287e-01
4.247144928248414719e-01
3.755203019957715216e-01
3.871676498556072543e-01
3.799564621255946961e-01
