0.000000000000000000e+00
4.864171248567319278e-02
4.282393927750220708e-02
4.130311536625413255e-02
2.816183353076573762e-02
3.802692277371045454e-02
3.814698175051459833e-02
3.367469204762931628e-02
3.099688987084289749e-02
2.837226792178530743e-02
2.521736439934380014e-02
3.573966054850279128e-02
2.498776186374820907e-02
3.281895545444349360e-02
3.525359170876046777e-02
2.748566544901221917e-02
1.826790519222080619e-02
2.651150600905044855e-02
2.498528717239809419e-02
2.886578449236198649e-02
2.666753537052804490e-02
2.634544737233286346e-02
2.981212176656672722e-02
2.275507450116361421e-02
2.806767167546642475e-02
3.175444896276773815e-02
2.725436164718827298e-02
1.727951258300491205e-02
2.138457896797265473e-02
1.838141809476519228e-02
2.733623235380402625e-02
1.995810485303238513e-02
2.474901968630198457e-02
2.759122286463836990e-02
2.468746516762801088e-02
1.936183258788723438e-02
1.752463161441176684e-02
2.318808640588472178e-02
2.327314808170432084e-02
2.346295365436108782e-02
1.911663185255670430e-02
2.562762161566483482e-02
2.299682550632756867e-02
1.836859618519116194e-02
1.351604349949871685e-02
2.109552041359910590e-02
1.754669828470326737e-02
2.139521639859350358e-02
2.093460464315211392e-02
2.004430152323670791e-02
