1.000000000000000000e+00
8.063014244402928465e-01
5.352519194650329215e-01
3.657668944732400118e-01
3.041760086348795911e-01
3.186221232542672532e-01
3.586801502889024329e-01
3.821374034074951354e-01
4.009659847970074575e-01
3.398451800054426153e-01
2.384979826537103054e-01
1.183657763494907061e-01
1.563102590207381681e-01
1.676143807278398512e-01
1.484464972158519303e-01
2.213772126983111765e-01
3.063615788878462087e-01
3.725863622387597385e-01
3.909409775553666644e-01
3.544051145160784233e-01
3.271514018598318252e-01
2.008487923535559605e-01
1.071460590770930282e-01
1.237317298115421377e-01
1.385069447066360204e-01
1.333174450047478754e-01
1.954575469962509249e-01
2.095322402781051030e-01
1.732588102976045097e-01
1.366268159863076592e-01
1.839059404808383869e-01
1.906476941848166684e-01
2.053728327258363129e-01
1.907759865749036887e-01
2.208251548958044819e-01
2.283370596498845440e-01
2.400124704688439692e-01
2.376229722587977489e-01
2.227659410716692212e-01
1.767446027653700180e-01
1.312672978218084041e-01
8.733084560175637112e-02
7.846802822814738509e-02
9.302410917104859955e-02
1.273721230132869586e-01
1.368893371594994413e-01
1.435131474452158162e-01
1.082201380173601485e-01
1.066716684139358273e-01
1.289158360731232078e-01
