1.000000000000000000e+00
5.920323327636928257e-01
4.255034947027846459e-01
3.818954074843253221e-01
3.521746020237228048e-01
3.848926500739499601e-01
3.491732579507875189e-01
4.627731403026436041e-01
3.785666963721647793e-01
3.012183387007522639e-01
2.870165356052836181e-01
2.878277034522593869e-01
3.364300273067558633e-01
3.352183916010677001e-01
3.206445028812655584e-01
3.599755891865654700e-01
3.569673098060852645e-01
2.503669113957251446e-01
2.115940470698684517e-01
3.375664579991752290e-01
3.544432664323523552e-01
3.205091762307628045e-01
3.118679951441921672e-01
2.375270336062692833e-01
2.823910917125470599e-01
3.176255208182446887e-01
2.484635265691380046e-01
3.458899126474127006e-01
2.368171876071138160e-01
1.628099952047406818e-01
1.839816470148698535e-01
1.691345604423329929e-01
9.633533238732204518e-02
1.404143986218417961e-01
2.242685027014889587e-01
1.320024208334640292e-01
1.373344878872533592e-01
1.437410407110649990e-01
2.339122222376586735e-01
3.029233995530028478e-01
1.985417510632463967e-01
1.760363979671291934e-01
1.916414333307144280e-01
1.941317372542686326e-01
1.606155693946232088e-01
1.817899789214311723e-01
2.488948416945758468e-01
2.635469301357049043e-01
1.853514819080286646e-01
2.274334033559771429e-01
