0.000000000000000000e+00
4.177903133341339531e-02
4.123324446136385907e-02
4.382805541383394399e-02
3.140374717925361464e-02
3.454337746285020272e-02
3.854675068624498907e-02
3.574578360184994114e-02
4.285903711364684454e-02
4.031831054336051240e-02
3.358591073482123518e-02
3.337389650748888437e-02
2.569188544126507767e-02
3.083094748463559992e-02
3.558836383474005272e-02
2.958833887281116237e-02
3.198750465952426847e-02
3.365544427062959476e-02
2.377470877149025913e-02
2.981708550228170940e-02
1.280539885590686877e-02
2.437180488264500261e-02
2.005354593715254902e-02
3.359102241832334634e-02
3.701239264235674231e-02
3.015317405083309255e-02
3.661335352942910598e-02
2.722872093983527697e-02
3.262460193637408551e-02
3.147637942284301632e-02
2.417218992930067825e-02
2.257580188918393779e-02
3.410263090485058518e-02
2.750284885440778052e-02
3.054366152671244422e-02
2.388505744870760700e-02
2.772678300826852613e-02
2.429836326342058386e-02
2.464591609421303703e-02
2.375002918982430794e-02
2.491385660411268507e-02
2.636174610774134550e-02
3.337796677267703543e-02
2.698643229042145542e-02
3.073523343211044534e-02
2.269999485569078670e-02
2.441946981920617432e-02
2.014009774655887638e-02
1.812139053044177842e-02
1.231576517283918155e-02
