1.000000000000000000e+00
5.724670703477336975e-01
5.747923048465877205e-01
5.726823385077570716e-01
4.953004000028277676e-01
3.766209794213989936e-01
5.417200864742864885e-01
4.751114402302971662e-01
4.190776561171252190e-01
3.532869748628943429e-01
3.310578005532170409e-01
3.569098250893383284e-01
4.796736811829007685e-01
5.543187230097823548e-01
4.278598653128941054e-01
4.212294939874133282e-01
4.155381872252538744e-01
4.987678605392303899e-01
3.295742515520502236e-01
5.287742345469098604e-01
3.499748963563598658e-01
4.072439800540085808e-01
2.976402333563220592e-01
3.522986102283909848e-01
4.362312185727598157e-01
3.622868900440630591e-01
2.733603311527436075e-01
3.611753401147669296e-01
3.798546568630076781e-01
3.836835744042091378e-01
2.790630083855625276e-01
2.094764642276291389e-01
2.897581131293879286e-01
2.756208387873295140e-01
2.982913005797070971e-01
1.491806842156468416e-01
2.355325682964793665e-01
2.774790546035026395e-01
2.190133194332002375e-01
2.394268289417880169e-01
2.518525619548656058e-01
2.427726509534388621e-01
3.226252544591724503e-01
2.721767675401288167e-01
2.630808828429362367e-01
3.402983124153787786e-01
3.694912946464014025e-01
2.587987651989759330e-01
2.974049681094162456e-01
2.328585167802497691e-01
