1.000000000000000000e+00
5.964414561187935115e-01
5.645415001517996023e-01
4.459887258544579791e-01
5.701187163707122085e-01
5.455068220900830545e-01
5.349684850469744735e-01
4.934995406051069233e-01
4.523283632140817079e-01
3.822627812182886609e-01
4.930703876424165633e-01
4.247565689193059102e-01
3.221929821896586388e-01
3.344812073266602015e-01
3.134736511802835857e-01
3.365173375416176116e-01
4.135960807174853815e-01
3.975321983374976442e-01
3.487416652652594040e-01
3.000703738720112979e-01
1.486566091823710023e-01
2.183249737816645442e-01
2.590526366209340847e-01
3.582675864973262070e-01
3.805997195901463792e-01
4.948720063389064339e-01
3.338579424800059425e-01
3.830273664856865823e-01
3.990262449587669846e-01
4.682728109372659153e-01
4.026328539040694987e-01
4.133983129989039496e-01
4.667455479856965073e-01
4.334951484384482190e-01
4.223894805789006890e-01
3.194571010043558146e-01
3.245448207758815928e-01
2.971714760174622438e-01
3.399555217085547532e-01
3.766012685459597664e-01
4.202587311905756629e-01
4.401606611315078688e-01
3.701639807563716911e-01
3.259646929013549355e-01
3.091013189934349037e-01
2.151280888201822228e-01
2.619795068103181190e-01
1.953994629384561699e-01
2.291282237427985646e-01
3.274866927218164636e-01
