0.000000000000000000e+00
3.131224224725422112e-02
3.801866262182677925e-02
4.225216622876205863e-02
3.195338513227910515e-02
3.344813477693187737e-02
3.212793235255508029e-02
2.632535746402756005e-02
2.309137210460539963e-02
3.927635565957829367e-02
4.626664751966748368e-02
4.080296680982139351e-02
3.713987196412103092e-02
2.591718585702625088e-02
2.199936774998016362e-02
1.931522975153893498e-02
2.655071032224498931e-02
1.968399330807633907e-02
1.911895742052809044e-02
3.081331793088298854e-02
2.151909055674475560e-02
2.321549528359576064e-02
2.557669884576573363e-02
1.563542370177969584e-02
2.139389749024261586e-02
2.334109261717682085e-02
1.783518253378623547e-02
3.408883244465976681e-02
2.897377762402628121e-02
1.411678975646852782e-02
2.174899531105252068e-02
2.178402154480663100e-02
1.482086286303367639e-02
2.171237224003396901e-02
2.312174135094399383e-02
2.168924095497867452e-02
2.429340953562238864e-02
2.552412264899566949e-02
2.313947556976302458e-02
2.686761813677108687e-02
2.412534933486937261e-02
2.681567522765890624e-02
2.086628196281689260e-02
2.422255323285225220e-02
2.491523355665241010e-02
2.347832003922443664e-02
2.638831406980260766e-02
2.826605271675406914e-02
2.559279215341641114e-02
1.908755470425503586e-02
