0.000000000000000000e+00
4.533912042227904171e-02
4.226820037916478867e-02
2.463207782607839194e-02
4.063828628913108976e-02
2.832690205406956582e-02
3.364233634724399236e-02
2.795995262497468631e-02
3.410059499866995025e-02
3.438301816878570893e-02
2.440702093477032167e-02
2.433095311658620488e-02
3.427378941324608214e-02
2.056160908658622236e-02
3.557258300549683006e-02
2.811553761422400793e-02
2.822042628518871971e-02
3.355834840417583342e-02
1.721448142594081063e-02
2.192859462820090713e-02
2.849296306234050738e-02
1.909647050734251950e-02
2.804802138905782699e-02
2.010158240267374483e-02
2.496701113341425610e-02
2.118033783619856225e-02
2.359434724998244262e-02
2.066160184952605186e-02
2.963235528679048630e-02
1.744277009684433444e-02
2.527253621267223221e-02
1.970567179467446611e-02
2.992047792411070203e-02
2.711239073905630931e-02
2.914037127249479928e-02
1.291102765663123403e-02
1.651534970196165408e-02
2.693501544547978813e-02
2.669272040153754938e-02
2.510225723868572678e-02
2.454344555482139423e-02
2.700998526953972412e-02
2.826672944486471883e-02
2.663328869192876577e-02
2.566054515601565167e-02
1.808957312415586036e-02
1.959326183201116206e-02
2.196971096749849098e-02
1.605132839790888652e-02
1.796169053115045933e-02
