1.000000000000000000e+00
9.077823667023717791e-01
7.345300866450472643e-01
5.326517650918192182e-01
4.071894673632733830e-01
4.340077658997904542e-01
4.900043310869676150e-01
5.425101817025808071e-01
5.765314696555980944e-01
6.509863963688220512e-01
6.396052727030254736e-01
5.893946817438484587e-01
5.375474485143578729e-01
5.428408049554686032e-01
5.648662812836563463e-01
5.787712460983338580e-01
5.351057483255823310e-01
4.801560805144827748e-01
4.665604183085689249e-01
5.008500314856414448e-01
5.421266586919980535e-01
5.824529237940065940e-01
5.909924036012057513e-01
5.856725657816284070e-01
5.567532615439021448e-01
5.488541404417436320e-01
5.152909608743287961e-01
5.136140378701622433e-01
5.017528579049821413e-01
5.193303110238003395e-01
5.670636829714651439e-01
6.250951658959753576e-01
6.308951543185414845e-01
6.052767661069005101e-01
5.624149941681616527e-01
5.417407048269455849e-01
5.318112379604287288e-01
5.147553221587032324e-01
4.546138277835801156e-01
4.980267865204344724e-01
5.386347580102879284e-01
5.782868854839409156e-01
5.681304675014663408e-01
5.071635410855860338e-01
4.430882240808434736e-01
3.512970093091699053e-01
3.260565477920210342e-01
3.120565736997906181e-01
3.426593002592862591e-01
4.241761016145591534e-01
4.891002963635920353e-01
5.165106975516056131e-01
4.716521654061072710e-01
3.971795110307719257e-01
3.652033566677472254e-01
3.693362163611563775e-01
3.972774358979355713e-01
4.205264393113056776e-01
3.990319444614621736e-01
3.686463626679996053e-01
3.329967563373008033e-01
2.981535257702457309e-01
2.809138710307845233e-01
3.180466858352579140e-01
3.866119376539866592e-01
4.221192832508954829e-01
4.094192824610131676e-01
3.858669414983348922e-01
3.402467167435190842e-01
3.434948112379877516e-01
3.937739042151337521e-01
4.482720332370954130e-01
4.634111312836546870e-01
4.408985056708999983e-01
4.035630050051662865e-01
3.422184847427665599e-01
3.026708399411240924e-01
3.536995813292882485e-01
3.857283525817759573e-01
3.863023418787409624e-01
3.461312986710236017e-01
3.131023396616015031e-01
2.720512505776520595e-01
2.304030326788745198e-01
1.912548835538593062e-01
1.812015909853919027e-01
1.815297858719330526e-01
2.019467971794985661e-01
2.385580710579235930e-01
2.689775725119221139e-01
2.418146115823472664e-01
1.467511735244729221e-01
8.953999137443531542e-02
6.180974725925857810e-02
6.850342964995599637e-02
9.051045792434951609e-02
9.373530670479397753e-02
1.087532453215832029e-01
1.072492833805551576e-01
8.020638776058500174e-02
