0.000000000000000000e+00
2.283668988796666924e-02
3.869119411962037430e-02
3.479558003423826457e-02
2.910379874525483718e-02
2.635331242600856549e-02
2.601491805281272787e-02
3.865640626050501072e-02
3.017723528494822144e-02
3.237878807908947665e-02
4.184096215771405253e-02
3.301418137547373899e-02
2.948759648873983813e-02
3.148340540387011693e-02
2.754316600565496001e-02
2.363480776972971820e-02
2.477240686441375961e-02
2.383255377970168454e-02
2.041136385728843650e-02
2.605114110536561889e-02
3.662638476222396244e-02
2.626702442625562794e-02
2.710914600040591552e-02
2.237456354609471468e-02
2.407407442242593190e-02
2.334067161259444426e-02
2.359726447196062657e-02
1.975616899904865387e-02
1.750977834202904065e-02
1.938138519194548826e-02
2.306581822393034831e-02
2.782249474037219034e-02
2.652240054361457849e-02
2.156837428578531335e-02
1.515628287523749888e-02
1.616307909085753711e-02
2.064864486954182468e-02
2.357165298086484617e-02
2.265047137586274212e-02
2.502237893026898474e-02
2.052921661705861198e-02
1.960385117850447362e-02
2.347683418130087907e-02
1.817709395790014990e-02
1.879231008005459447e-02
1.938491800899490997e-02
2.170550929286855363e-02
2.263599356956892336e-02
1.520512762409076402e-02
2.160400786655487793e-02
