1.000000000000000000e+00
5.577923396876502959e-01
4.375231292508513503e-01
5.425166141130226549e-01
3.545340265896858578e-01
3.637574150525227368e-01
3.984386125445399385e-01
2.566671651966124790e-01
3.489513975254751044e-01
3.594788598524491507e-01
3.974172054925492747e-01
3.262553801518692231e-01
3.403686929358382685e-01
2.377456662299472501e-01
3.619617893406303355e-01
3.497847182074101391e-01
2.812242164446551174e-01
4.208185452677984384e-01
3.671680536727053856e-01
2.325857687204321012e-01
3.003694809351431516e-01
2.457137388840935355e-01
2.383663797316654676e-01
3.137218146828072429e-01
3.459501154869615291e-01
2.845078283198326230e-01
2.380674488765060770e-01
3.456112225957491124e-01
2.724878404413041966e-01
2.213195919520836163e-01
2.587070339825349174e-01
2.661368021915707094e-01
2.752363226832548193e-01
2.855368399454152328e-01
2.570253563420484832e-01
2.441308331738091530e-01
2.944299569764368130e-01
2.342541135730526192e-01
2.810654359282657722e-01
3.111804328269779374e-01
3.068533144593036388e-01
2.224505635412430959e-01
2.906684975697312323e-01
2.128371086474407092e-01
2.609729933207681762e-01
2.416079318606555726e-01
2.251666736014011350e-01
2.218560082449113902e-01
1.098784868000984155e-01
1.544113194330382355e-01
