0.000000000000000000e+00
4.789603603139199958e-03
4.725045464598665729e-03
8.801766936593551777e-03
8.137117273211296603e-03
1.517006151585931738e-02
1.548819270013815190e-02
2.162908905718704047e-02
1.446097567296163525e-02
1.346721497361089322e-02
1.358647007850348476e-02
1.777796346748147446e-02
1.539224301548833621e-02
1.628257932685839293e-02
2.441920021472096872e-02
2.329375307479301938e-02
2.842161144084565799e-02
2.912778705523917655e-02
3.278496167463537669e-02
3.322517946774132536e-02
3.538467050727620022e-02
3.234284555480741730e-02
3.760291976307939682e-02
3.306738641192281253e-02
3.399462401163898945e-02
3.836217322446110883e-02
4.554537902864081583e-02
4.405288968228072977e-02
4.211918072230887156e-02
4.640484915334316257e-02
4.709226956864163982e-02
4.838461254417607271e-02
4.804709011648345546e-02
4.684526722985646319e-02
4.719413202794300183e-02
3.630297859767950275e-02
3.549187416702508091e-02
4.026555764910117602e-02
4.055975986371979786e-02
3.810651094649444848e-02
3.991667776281586366e-02
4.134306654862605207e-02
3.882169255331039542e-02
4.078127491719189118e-02
3.351900577424993949e-02
3.623470497126671935e-02
3.113822608085849847e-02
3.477391856293775285e-02
2.942191388481945821e-02
2.966681046128858898e-02
