9.999999999999997780e-01
7.519347954100291664e-01
2.459507154350827063e-01
2.248714720558950830e-01
2.461865125109966856e-01
2.427843709337826061e-01
2.038321131807885322e-01
1.886822717515039827e-01
1.688622417334539605e-01
3.691491874666651407e-01
4.249040123338958530e-01
3.392818064797395450e-01
2.520158077335803437e-01
1.951572604761238894e-01
2.548338563530708201e-01
3.779703703055822261e-01
4.846729288295347771e-01
3.562824964734722655e-01
2.213043631633136721e-01
2.038179362507059333e-01
2.062850469880289361e-01
2.848616609288018853e-01
2.266635859732818725e-01
1.614052034427079230e-01
4.074404547682794475e-02
1.545581351990298613e-01
2.744469469690397623e-01
2.695358759909499691e-01
2.986195091256265144e-01
2.218820676631793332e-01
2.184004177273375091e-01
2.976962520882741603e-01
3.634171183263887328e-01
3.926529695695579747e-01
1.896378111469310124e-01
8.290951384014923209e-02
5.053943358888116771e-02
1.645027940698991498e-01
2.110360582174656552e-01
1.879740071476850294e-01
2.395174309788503653e-01
2.629335437017465971e-01
3.003257734275773250e-01
1.749578608629097365e-01
1.073526037300719521e-01
5.498161403378091366e-02
1.058943541647638376e-01
1.680087458626948749e-01
1.974814572659467082e-01
1.654857925013121789e-01
1.893442118437715649e-01
1.789799788130613523e-01
1.418395887986360904e-01
1.373686733556014894e-01
2.051338888046493614e-01
3.507091709929183176e-01
3.612261274995526295e-01
3.257910624276680878e-01
9.024041773592161864e-02
9.258075482872854534e-02
7.898337861735846288e-02
1.865766789400107040e-01
3.189352443002486104e-01
5.038506525378334544e-01
4.290530061805920004e-01
2.847749155853136482e-01
1.783885401447033586e-02
2.245442158909330410e-01
2.622587229505263240e-01
1.038352910234199705e-01
1.547832118445827965e-01
1.274492507767190919e-01
1.208003767332063993e-01
1.169073058703622298e-01
1.976820955872339580e-01
4.476924453180725072e-02
1.060239857928868684e-01
1.237085209898160787e-01
1.095546116953897836e-01
1.163870898538004878e-01
2.088645504193170910e-01
2.000727072048852362e-01
1.473476711254254334e-01
1.223031660140790206e-01
7.625601743064162885e-02
3.328498055625771918e-02
3.631786574929617845e-02
1.175767257637120727e-01
1.077407964143036329e-01
1.474381275848549167e-01
1.478449075419986103e-01
1.202234836678779117e-01
4.977463285510114188e-02
1.387827451283745739e-01
1.770290133137885913e-01
1.570156924839699875e-01
2.499389094086614527e-01
2.823298405440739511e-01
1.940857858805359049e-01
2.981431641038056676e-02
