9.999999999999997780e-01
4.186586714787874919e-01
1.744885883811970739e-01
2.308835436088160775e-01
9.512424748853631762e-02
1.313081461414894735e-01
6.430369209555557297e-02
1.270698698687877659e-01
6.116104340329488187e-02
2.231030983289461755e-01
3.230580024260183980e-01
1.511385911287142503e-01
1.460955738291296879e-01
1.145418677002914831e-01
1.723597779945811870e-01
1.983447012999126902e-01
1.943116482553959024e-01
2.043665736879000661e-01
3.106279096613442925e-01
3.286385905847684086e-01
2.858197098885742471e-01
1.018398482406268624e-01
9.437945082658458218e-02
1.960397640176526624e-01
1.495356150650792026e-01
6.228998722567903601e-02
4.817801823467985495e-02
4.789608193495557137e-02
1.023884153432547406e-01
1.512034912379325857e-01
2.150390631008212983e-01
2.866483156816953745e-02
1.545296254971849081e-01
1.479862441431916975e-01
2.684876948533946317e-01
1.904712724440177918e-01
4.712213848031070879e-02
9.498484957596153855e-02
9.892620119494162367e-02
3.504498590278531250e-02
7.201125889961355886e-02
1.871901324392175048e-01
2.086333724036048554e-01
1.504196204872066123e-01
1.531575324898387658e-01
1.247091027000258451e-01
6.910787662408304777e-02
5.108569808632477255e-02
1.543973623462685241e-01
1.352214773437294126e-01
1.677868854038274404e-01
1.791809300696295126e-01
3.037280876279276898e-01
2.613733567315308370e-01
6.371842834342641981e-02
1.052501070698887847e-01
1.072613310894664218e-01
9.766730920242805425e-02
2.104204758769568639e-01
2.644355311533603814e-01
2.515553480487757176e-01
1.313422659129635794e-01
1.222579837589509721e-01
1.356343411362050944e-01
1.668535696167038063e-01
1.317387697843326322e-01
1.340176539399537126e-01
2.351401316821211118e-02
6.727441985559606819e-02
1.619705886930092320e-01
2.298664769320573342e-01
2.036914429932907000e-01
3.059017078675374535e-01
2.530584239903496679e-01
2.307135923235212049e-01
1.710199162390637351e-01
2.406258023429699577e-01
2.888442973664679947e-01
2.644626746795911698e-01
1.733006420070102860e-01
1.872341821759524738e-01
2.117353943614495582e-01
2.892743703139517564e-01
1.819873894813564263e-01
1.344483000651166826e-01
1.279991067047589470e-01
1.114288871638413475e-01
7.943181487722919543e-02
8.088980372248548434e-02
6.385753309667727140e-02
6.756905371531019000e-02
9.029784779203761658e-02
9.834349019269414405e-02
1.153969727475102069e-01
1.391128990667354626e-01
1.683747507435001123e-01
1.412922709929975429e-01
5.872644888037609201e-02
6.924251656423813239e-02
9.272963874121979699e-02
