9.999999999999997780e-01
8.437103399440704088e-01
4.004781900839626263e-01
5.379958353056047970e-01
3.089921781645508791e-01
2.511155808771056153e-01
4.783001722569575898e-01
3.158931552402398091e-01
3.473878748560759733e-01
4.499699324608665285e-01
4.572044116932427738e-01
4.328532193891978519e-01
3.180457935288806270e-01
3.203612210847611719e-01
2.832030938393775843e-01
3.211204898611076941e-01
2.956247403666555917e-01
3.625152993943284718e-01
2.664465575342412906e-01
2.437365832435751944e-01
3.726780959097130141e-01
3.024358670423424322e-01
3.311671634114943807e-01
2.978609153172312451e-01
3.747681969999427376e-01
4.206868728416245928e-01
3.799036032911228822e-01
8.388139519827277069e-02
3.085999116430642175e-01
2.533363294229233897e-01
2.883274967366545871e-01
2.100873499594253790e-01
1.112805413375933666e-01
5.438995433310964134e-02
1.458898181846658981e-01
1.530189343074869063e-02
1.094920366457054761e-01
1.946506784501415011e-01
1.069818729884856046e-01
1.877613384147916453e-01
1.807180008319319853e-01
7.967594647222936421e-02
6.772374383748275273e-02
1.675022078808846016e-01
2.789813455167502454e-01
1.326833382878983558e-01
4.964113140702926946e-02
2.509483993625240550e-01
8.102889720980183119e-02
3.597236116121798055e-01
2.643949760743494193e-01
1.717506314976737780e-01
4.147940006484491376e-02
9.589434330763470238e-02
1.137926730289106070e-01
2.156649724084989395e-01
1.185382309401901146e-01
1.082447576645868270e-01
8.636819608058378395e-02
1.880707847337043104e-02
6.977922194771554731e-02
5.715428109679834140e-02
1.887975844170598494e-01
2.517025554999219872e-01
2.042594771909400364e-01
8.069499920695023809e-02
1.730391050469651804e-01
1.377714938566947656e-01
3.038478955699354389e-02
3.789551887978152844e-02
1.190808321346234211e-01
2.086276590290827015e-01
1.652289396349858053e-01
3.148568143623955290e-02
8.242174357736091472e-02
1.848559015611480061e-01
1.637596818675738364e-01
1.451703116187109677e-01
2.247620786585730612e-01
1.861986246475276496e-01
1.540642395975941881e-01
1.973305630826047430e-01
2.114672037234615887e-01
7.326075869896631065e-02
3.548010148093923982e-02
1.007739453611515013e-01
1.761899081842487058e-01
1.424062354141340803e-01
1.589311629552923877e-01
1.543909426150365249e-01
1.050571016998456536e-01
2.349673975950141158e-01
1.721987450503972839e-01
1.111495268514351015e-01
5.820441209516472730e-02
9.382948277109245949e-02
1.043395032462791361e-01
2.817675465971123186e-02
3.111841355233022077e-02
1.988695747057003249e-01
