9.999999999999997780e-01
8.291951408803677204e-01
4.291355671526420612e-01
1.078309433234540260e-01
2.010144839239658143e-01
2.045830454957100752e-01
2.483430710915471851e-01
2.977145099848246268e-01
2.533259543386702783e-01
2.458185839279139195e-01
3.153771451770985279e-01
3.355892154177547160e-01
3.201986525091554125e-01
3.033877161588151017e-01
2.745923237488608892e-01
2.897894781093116046e-01
3.440632152299773483e-01
3.436292793829853753e-01
2.795431893010044133e-01
2.074610998319021404e-01
1.800708098720991412e-01
2.423608017893487954e-01
3.245302278230949300e-01
3.365324940792965847e-01
2.753481010774103122e-01
2.167781943706131031e-01
2.307869876542193166e-01
2.978572680107586801e-01
3.615544935842961993e-01
3.696407350221511678e-01
3.194817132968650331e-01
2.740018133301108660e-01
2.875079553510985209e-01
3.367571103345340378e-01
3.793847356522854208e-01
3.875680158848429091e-01
3.777370263340269485e-01
3.886610547437003849e-01
3.914503506113204967e-01
3.363420821382511749e-01
2.411176723714432979e-01
1.750345155641956640e-01
1.915408111658072898e-01
2.723793828565482245e-01
3.511868915388763335e-01
3.708544858307362135e-01
3.273129580010621931e-01
2.749155104275184391e-01
2.729103197061895081e-01
3.048169864295680598e-01
3.183213277093979165e-01
2.897218222223921225e-01
2.360634118625852540e-01
2.103740997493440956e-01
2.462297955389600723e-01
3.033548802825177804e-01
3.318233943309910061e-01
3.178981030878400005e-01
2.951831099103718326e-01
2.998724913579242091e-01
3.158479416092628833e-01
3.233769898105246510e-01
3.211460843055315428e-01
3.037857030220049159e-01
2.822311708874605252e-01
2.799191483556695004e-01
2.835183970346213389e-01
2.737857260705756635e-01
2.704664736724436969e-01
3.063892126410454053e-01
3.808791672514691973e-01
4.446886600735258099e-01
4.365056111800744154e-01
3.412669750612978281e-01
2.253579316598059434e-01
1.986655957445684628e-01
2.315579732999016871e-01
2.701190185262335453e-01
3.220637507758256080e-01
3.583085839337967760e-01
3.530779286403076256e-01
3.194991065019295307e-01
2.838990830309327529e-01
2.607800080351253547e-01
2.555228761711593743e-01
2.683304787119546453e-01
2.865850157171021539e-01
2.852409442062316391e-01
2.516204709562260833e-01
2.093812728353819097e-01
2.120206138216119973e-01
2.888226772124342645e-01
4.003605901809264012e-01
4.733038365566989425e-01
4.526123911478142081e-01
3.483258891246043265e-01
2.393932845478549121e-01
2.045680030243033076e-01
2.378995121346149377e-01
3.017125856881653911e-01
