1.250000000000000000e+01
1.210400184809619617e+01
1.193386948945443571e+01
1.164335426818854913e+01
1.147687743012311046e+01
1.144034267171050523e+01
1.152381960212757406e+01
1.144922338133527440e+01
1.133749771449669375e+01
1.126730555179093152e+01
1.119687960363282819e+01
1.148144575210453588e+01
1.156653460056821636e+01
1.172202200487097201e+01
1.181249277951520860e+01
1.214540586105709963e+01
1.220628835286744973e+01
1.261235727506889859e+01
1.267286704691007948e+01
1.271283622457398010e+01
1.291155126236354178e+01
1.286878330645529012e+01
1.333475582904539358e+01
1.331944938321388427e+01
1.343528536804856444e+01
1.363689339838930437e+01
1.382164607107383070e+01
1.417899307431721034e+01
1.442759883845849878e+01
1.448915654112397711e+01
1.457095517718451738e+01
1.472626069236253521e+01
1.477648258846926055e+01
1.487672438815980769e+01
1.481371957271918127e+01
1.472377665664053126e+01
1.477724724672965273e+01
1.460354682497726664e+01
1.457472628029157669e+01
1.470621793017003931e+01
1.443323152142762567e+01
1.462162446448920150e+01
1.453908561054079485e+01
1.481476262190236959e+01
1.466145402134051423e+01
1.445187798714338889e+01
1.452871482971097450e+01
1.466572462313606628e+01
1.465066736870402941e+01
1.456713867583150090e+01
1.435138125821455901e+01
1.452323621493263239e+01
1.458092440243909138e+01
1.431281408060528726e+01
1.423614734999018516e+01
1.412759336608876914e+01
1.425583014958492356e+01
1.425776811652898424e+01
1.424605087315742047e+01
1.410305866445114020e+01
1.391446951031320189e+01
1.386522962140099757e+01
1.380909978678103300e+01
1.386128133012133290e+01
1.390306941985036460e+01
1.393775951340478514e+01
1.375064410250527303e+01
1.392569975521045400e+01
1.381199811282299272e+01
1.368842474572253920e+01
1.372939838440764682e+01
1.380791690711855146e+01
1.399481941606845048e+01
1.401081717418170669e+01
1.365960550376637173e+01
1.395137100652709883e+01
1.383466771880541302e+01
1.392961811313125153e+01
1.408769467313253720e+01
1.413923099085624102e+01
1.396621518783782179e+01
1.404847740505602260e+01
1.401229804142715274e+01
1.413773724047385016e+01
1.421048196487594595e+01
1.438228552621578160e+01
1.440852020288146207e+01
1.427279528667521902e+01
1.454587799505748080e+01
1.460977731020260251e+01
1.457193153752214343e+01
1.461211747181059550e+01
1.469397118440817351e+01
1.489074575946383305e+01
1.488564148662839770e+01
1.499797588556512551e+01
1.516140544175484628e+01
1.531511637434015505e+01
1.530101806218374705e+01
1.545072836869707622e+01
