1.250000000000000000e+01
1.215124423290552969e+01
1.198892950634980004e+01
1.174162868329391785e+01
1.152246069627768321e+01
1.147827472425852413e+01
1.135802765917471646e+01
1.133937287723289522e+01
1.132293963864306008e+01
1.119660846557177614e+01
1.128333692191030657e+01
1.127632488841238079e+01
1.141805938595020997e+01
1.141837485465875268e+01
1.167718179818461088e+01
1.179348298396483763e+01
1.190265411834821663e+01
1.209767323638352998e+01
1.232534311152927842e+01
1.256512471878856729e+01
1.271403381994981174e+01
1.278822350119913942e+01
1.286636693807992948e+01
1.327961724634142193e+01
1.350800307452881022e+01
1.339801891867924333e+01
1.360621200339766723e+01
1.365035572248325479e+01
1.372664319225655305e+01
1.389133704419817761e+01
1.395484337787518214e+01
1.399142703692243117e+01
1.424438825843349399e+01
1.437285390317052070e+01
1.446598508367515201e+01
1.404544085966154832e+01
1.435695775429748267e+01
1.441812255074226456e+01
1.442125210880719521e+01
1.432594654270558010e+01
1.433793213360906194e+01
1.405502634547550933e+01
1.407227505307738724e+01
1.396190018558672996e+01
1.415815337488305659e+01
1.410913366247933709e+01
1.395779400917062141e+01
1.421479851149514673e+01
1.423348739707094168e+01
1.414184621569415867e+01
1.409476658817077954e+01
1.395349960753419616e+01
1.410695785307389194e+01
1.427255939763269943e+01
1.420628388360682770e+01
1.447654293139415138e+01
1.424973738344188767e+01
1.462396233578111726e+01
1.466974634251528009e+01
1.469407184206214545e+01
1.479243240502368195e+01
1.476980336895424450e+01
1.497243203943710377e+01
1.497606874694619172e+01
1.516457086484874495e+01
1.547773598020943275e+01
1.534553556187758971e+01
1.543508137368217703e+01
1.552966296868022589e+01
1.554572847797099655e+01
1.556152737977001976e+01
1.578199143897107781e+01
1.597213048648347211e+01
1.595926062841244608e+01
1.590499434833709635e+01
1.599077867107029149e+01
1.591826612963383880e+01
1.606387170142532739e+01
1.619216393678386368e+01
1.604487272517647867e+01
1.618825450649647379e+01
1.592828864917249021e+01
1.595952279246658634e+01
1.607542935457349387e+01
1.613634306068798452e+01
1.609439282771369406e+01
1.597128792582315704e+01
1.578779812470507693e+01
1.565032990127178003e+01
1.586864614861102751e+01
1.579016161939442853e+01
1.581630455183141315e+01
1.559665110469608251e+01
1.557976882498937776e+01
1.548088154616945111e+01
1.555888946902707737e+01
1.544657514082366845e+01
1.554132537343234333e+01
1.538640651134761583e+01
1.537296421050792361e+01
