1.250000000000000000e+01
1.215780920698386858e+01
1.196858160128452297e+01
1.174486109018869584e+01
1.140032305977828564e+01
1.145646081226515456e+01
1.130915068731483331e+01
1.136092202410864083e+01
1.118711768386348027e+01
1.123579259829641686e+01
1.126947478378328782e+01
1.133925745237400839e+01
1.145375193296768401e+01
1.154314984216828499e+01
1.178491498308128627e+01
1.181559630160164431e+01
1.204619293973021321e+01
1.223688750256409286e+01
1.253248239797266095e+01
1.283664054390672860e+01
1.310731144924488412e+01
1.323058583214519501e+01
1.354176508891180575e+01
1.380933442667401501e+01
1.397655640186070158e+01
1.421723965155114655e+01
1.438872014709507852e+01
1.489634991366304639e+01
1.501716377264780355e+01
1.502071750199757894e+01
1.561620343446999826e+01
1.535340733134998281e+01
1.567846475106446213e+01
1.593612868842049934e+01
1.601895163128192223e+01
1.585312960065162713e+01
1.609739486202790459e+01
1.630866834671121524e+01
1.609089899274045621e+01
1.646708074917432540e+01
1.614311165022649419e+01
1.592435848404129572e+01
1.634557239686387220e+01
1.605053065136701207e+01
1.614960554072518661e+01
1.591959773999510475e+01
1.587191883494921107e+01
1.621861706057065788e+01
1.610008330766021345e+01
1.635547723665445474e+01
1.622094154292446788e+01
1.615711766035819963e+01
1.580394558066657851e+01
1.593301481383766571e+01
1.604925450736480386e+01
1.621484042801098013e+01
1.615615192920623855e+01
1.605248599844453139e+01
1.601933841821001181e+01
1.593903933818061525e+01
1.597226346200174341e+01
1.619696695113114870e+01
1.629967334495196951e+01
1.611871917750384497e+01
1.633037474097515940e+01
1.639981950628600771e+01
1.606271989219077412e+01
1.633664815323882635e+01
1.643695907246996768e+01
1.648641357741394486e+01
1.603349890588664550e+01
1.644008052970873379e+01
1.665856477553625936e+01
1.651198063810378969e+01
1.659253798876792274e+01
1.637881207353943225e+01
1.619558653003620563e+01
1.635435613678138012e+01
1.635368204840133899e+01
1.631564739906705341e+01
1.602620198478714997e+01
1.609509522320604802e+01
1.614471139044727366e+01
1.586578728795866233e+01
1.618338437496200299e+01
1.651910362372912644e+01
1.614379988579037928e+01
1.609517969616741340e+01
1.602070793846242580e+01
1.573593670313803550e+01
1.589709540517947595e+01
1.598717608349559782e+01
1.626040333219850709e+01
1.632870054588500963e+01
1.626062063492131671e+01
1.649398680771925996e+01
1.651948618477817377e+01
1.642688929663681563e+01
1.641896060405089131e+01
1.638008316971746936e+01
