9.999999999999997780e-01
7.303388108252101274e-01
5.518718951100638481e-01
1.562540537248152117e-01
1.821464472175283456e-01
2.975613957689861588e-01
3.036378449177477568e-01
2.556149431310309472e-01
1.024717815021853051e-01
2.175510654647768993e-01
2.236288470889068181e-01
1.532235791981731154e-01
2.611978636733192083e-01
3.035335847206013238e-01
1.844196789705427886e-01
4.563160723581938250e-02
2.205918598031399447e-01
2.276813329442800571e-01
1.685692312918282143e-01
3.727583577158706529e-02
1.938683366409596209e-01
2.374738216709606498e-01
2.659684639428785968e-01
1.962500603335474436e-01
1.845352368881349736e-01
7.036961168222005680e-02
1.796038255658432836e-01
1.897325063354537988e-01
1.572781967010796200e-01
2.234224862631835617e-01
2.172496628078430525e-01
1.620300542380104514e-01
1.919427282545453292e-02
1.689582101669627745e-01
2.256069467487055724e-01
2.149842499281482411e-01
3.482931177257373445e-01
1.882170522219936415e-01
1.449944671465264734e-01
1.139392159820248468e-01
8.889013117441695033e-02
2.943207445812727197e-01
3.354097401569433035e-01
2.517672706730962884e-01
9.774729140383418835e-02
1.685994084685324690e-01
3.526599884168534760e-01
2.518748790417977834e-01
2.891352046201894899e-01
3.089972198158630334e-01
2.990704907473338281e-01
2.389848889561963230e-01
3.850763424598710460e-02
7.485274359402609157e-02
1.949899509342033765e-01
1.754433084521282438e-01
8.231588579294298047e-02
9.190055885214794273e-02
8.754469935981623596e-02
9.394818258895933083e-02
1.601096497433574239e-01
2.055180148164486853e-01
2.966427965048419879e-01
1.720306537389188761e-01
9.876322749807404933e-02
5.057961298357115804e-02
1.074320880527966926e-01
2.218634368555366665e-01
2.239972060874849957e-01
2.466920385814565519e-01
2.149347504034118395e-01
2.241252002727811832e-01
2.058764767867495848e-01
1.239239807960225148e-01
1.151206067291261209e-01
5.620668253848084411e-02
6.524428063730258742e-02
1.768833439025918330e-01
1.760827447780414778e-01
1.599127392585657781e-01
1.079039815901451232e-01
1.880819448447826892e-01
1.251505570364233322e-01
1.061704655793537649e-01
9.601654052458749589e-02
1.678932541439147677e-02
3.026320879527068589e-02
4.198484256435792289e-02
7.335892250356255972e-02
6.909941420146369084e-02
8.335624627956855770e-02
1.574596107924040311e-01
2.681964242456319480e-01
3.026022125631048221e-01
2.345777212736942507e-01
8.366925673375641415e-02
5.436371860663952865e-02
5.696402294323926058e-02
1.400106267628756229e-01
2.141984688001510595e-01
