1.250000000000000000e+01
1.200839932925902431e+01
1.181586620748495875e+01
1.153264875014025215e+01
1.128112349863441111e+01
1.132479196526506726e+01
1.108796313488670116e+01
1.108860643994071715e+01
1.076251338024333037e+01
1.097313649342380337e+01
1.093202446768096792e+01
1.111008228229396977e+01
1.132023027658528846e+01
1.125302330453912880e+01
1.140441821066354677e+01
1.159836179056764749e+01
1.180680415234664160e+01
1.186031391153098191e+01
1.204433911726100881e+01
1.198930513325181835e+01
1.207492369181448844e+01
1.211067667508032741e+01
1.224449398807341893e+01
1.231098288499446802e+01
1.230797933804504574e+01
1.229272796720830030e+01
1.254307295477391371e+01
1.255242126511493161e+01
1.307085526849709645e+01
1.314419172073763953e+01
1.303211331582780197e+01
1.344670057148078790e+01
1.341509721433374835e+01
1.342142169502334781e+01
1.348342859850912490e+01
1.360212464262387044e+01
1.363114203051543605e+01
1.359473780829759448e+01
1.341826166923272012e+01
1.359365201797290013e+01
1.343463546276013254e+01
1.318843743257402146e+01
1.330024298502576485e+01
1.339578951376576832e+01
1.332273609693715066e+01
1.345825941817276927e+01
1.338993775301508649e+01
1.364798721249130686e+01
1.384841126393984290e+01
1.390625361607739841e+01
1.398468335803171314e+01
1.376028665842397203e+01
1.357795378961097654e+01
1.348208493295898869e+01
1.367751735004649305e+01
1.367558180106944121e+01
1.367036982179898708e+01
1.344198305581334552e+01
1.353969508410650135e+01
1.355463469307365365e+01
1.341481380404143842e+01
1.341964448513986596e+01
1.331705595254811136e+01
1.339379677339853814e+01
1.330084713454531986e+01
1.317813654430720760e+01
1.348885627911799823e+01
1.361504738025610450e+01
1.329864458708128971e+01
1.340216422648750161e+01
1.325714263645184410e+01
1.332407837366248060e+01
1.343055099096309668e+01
1.325384284422087688e+01
1.333438498584257204e+01
1.329984995291270344e+01
1.331495942166810487e+01
1.326145720126759642e+01
1.327264229557379238e+01
1.328042267132834731e+01
1.345518610971754292e+01
1.343238213132988967e+01
1.354546993141903322e+01
1.361429632807223911e+01
1.364646753793436496e+01
1.367471317828161581e+01
1.371109832975708542e+01
1.377493655869283806e+01
1.382602984377152566e+01
1.396809909122003823e+01
1.406242021012051424e+01
1.395606057139800171e+01
1.419057769839555405e+01
1.399197432843702771e+01
1.430737185482179719e+01
1.411379265752688106e+01
1.417861288349260818e+01
1.431811148626498564e+01
1.455567639505999367e+01
1.425613503742990495e+01
