1.250000000000000000e+01
1.180248206356228913e+01
1.156417339409968292e+01
1.152325250214174268e+01
1.118577161669489151e+01
1.095513655181119361e+01
1.084364153124896291e+01
1.078921045994875882e+01
1.087459536108398872e+01
1.093612471810728692e+01
1.115654659041745944e+01
1.115595600770300067e+01
1.133307612429144484e+01
1.135180955012066661e+01
1.160075453524203581e+01
1.153771813378586231e+01
1.156993493632202963e+01
1.189102581646881163e+01
1.171927824102172622e+01
1.181556659802448372e+01
1.190389883322547249e+01
1.206588867330481918e+01
1.210701424582753383e+01
1.219665625680504206e+01
1.188605985043811941e+01
1.207510400533621464e+01
1.243359476184141243e+01
1.254666453831571182e+01
1.269095042300343579e+01
1.287297341502682535e+01
1.300756069692885930e+01
1.321213646155325350e+01
1.316353093325159840e+01
1.289536425426788036e+01
1.314458659856965284e+01
1.318360095706583834e+01
1.314730302772089843e+01
1.300321994458343866e+01
1.333809699841014229e+01
1.359263779615342926e+01
1.362044702359681203e+01
1.392613417204655590e+01
1.391489956925749993e+01
1.380419294892685755e+01
1.370053353248555972e+01
1.374454047743286367e+01
1.355201054748427936e+01
1.363653414738847225e+01
1.350177527047379833e+01
1.364094566628804372e+01
1.362961005109356982e+01
1.387130831068395409e+01
1.398627285580065482e+01
1.398524797644820516e+01
1.398225387499212147e+01
1.370585382349931614e+01
1.379305027029536035e+01
1.370599687102505904e+01
1.388782917379989001e+01
1.388729157675900083e+01
1.392417200669968658e+01
1.380718219486288945e+01
1.396215480378642049e+01
1.399818454449880889e+01
1.385682312415411843e+01
1.405584021893363555e+01
1.416247089993055397e+01
1.407517357765311949e+01
1.407343556707999177e+01
1.417921525318075027e+01
1.420644001904047649e+01
1.438263516292558997e+01
1.439449651847002798e+01
1.442096547933495287e+01
1.435436223989842475e+01
1.440002207611321339e+01
1.439999651250773738e+01
1.437288301731365436e+01
1.421175655434050533e+01
1.418300123200638119e+01
1.417931236911004689e+01
1.408193620969261595e+01
1.416003246430125984e+01
1.423121369810800019e+01
1.428380960581843162e+01
1.416241071747568547e+01
1.419035400488137810e+01
1.416677753342622736e+01
1.434457318139199167e+01
1.419359058884745650e+01
1.381365495603340676e+01
1.429193624268078722e+01
1.438211356277992259e+01
1.414214561626592470e+01
1.423702380428190750e+01
1.431308215350954249e+01
1.437059992392438090e+01
1.430257627921749730e+01
1.431403208431049556e+01
1.419909677772518819e+01
