1.250000000000000000e+01
1.209313854364342689e+01
1.186572283293842922e+01
1.205534686245013098e+01
1.181480865254013324e+01
1.194011829212912623e+01
1.171339246202048123e+01
1.164248478347565019e+01
1.171313523828453285e+01
1.182740614174164584e+01
1.163506432259049816e+01
1.176566523072684056e+01
1.176564294140591116e+01
1.190912272396615634e+01
1.204524152134791670e+01
1.206777594447704338e+01
1.202937676254159172e+01
1.207819544746724105e+01
1.217572872517260585e+01
1.209703089126016984e+01
1.222050325561757944e+01
1.225541939557643900e+01
1.221782988638915946e+01
1.220086802342043875e+01
1.227610714755597066e+01
1.223005632703583068e+01
1.231715832161908430e+01
1.237020259057874227e+01
1.221007683089407791e+01
1.215573102152169227e+01
1.230393140679859343e+01
1.230364104504009681e+01
1.225376298473314840e+01
1.242421054715797624e+01
1.238182491323146017e+01
1.251914117295347850e+01
1.244007382815798124e+01
1.241277783815842106e+01
1.259582487942189566e+01
1.262278747391737532e+01
1.271756777568677066e+01
1.273450844364959522e+01
1.270284220429034683e+01
1.278308506907787745e+01
1.298860515099854140e+01
1.320347668204791347e+01
1.297593871658691711e+01
1.313862484747611603e+01
1.335913068955080263e+01
1.327407532098976262e+01
1.311716622482256334e+01
1.332164721532869578e+01
1.345144363064069992e+01
1.337433112898887799e+01
1.363011179076244517e+01
1.348319789574335381e+01
1.353999682584998965e+01
1.347341189071936007e+01
1.347039243542258902e+01
1.343812104207542824e+01
1.368975532657092486e+01
1.353287302705604134e+01
1.340949117949472047e+01
1.349712351214455630e+01
1.372104244304830267e+01
1.387970385890283787e+01
1.398360844103495104e+01
1.379427370667798947e+01
1.404619521649516756e+01
1.410327959483594462e+01
1.416052257500596490e+01
1.432155291668614794e+01
1.442161193966917310e+01
1.432968569370563827e+01
1.441218781430712248e+01
1.420319312085911179e+01
1.426743704537714663e+01
1.435962273886972618e+01
1.420151599222785599e+01
1.400684098123727495e+01
1.413564344365201642e+01
1.413955649862195152e+01
1.415995484525120851e+01
1.370518175048174392e+01
1.377125190232191976e+01
1.390158692505189464e+01
1.374788747119712617e+01
1.392461042015903416e+01
1.394858915097878871e+01
1.385285772518552960e+01
1.376329332899270597e+01
1.386385272535322244e+01
1.403966613129147945e+01
1.391989586071089136e+01
1.369366547601304163e+01
1.392916829370820508e+01
1.381586774421193198e+01
1.391489936436407504e+01
1.401049263072543027e+01
1.393963270608339400e+01
