9.999999999999997780e-01
7.774447718458575851e-01
3.979073380541997551e-01
7.900210734248708233e-02
1.472313409013671914e-01
1.409130930461464370e-01
2.129327078663743322e-01
2.984630421445329529e-01
2.734869173221159966e-01
1.302150757431297101e-01
8.150858281429550212e-02
1.194759577339471190e-01
1.354689778256816246e-01
1.963467319450060422e-01
1.890298489557511730e-01
2.005638645899713579e-01
2.523060510337900575e-01
2.158439036100577302e-01
9.387746046680572887e-02
4.531745573032060215e-02
7.205044215440632727e-02
1.599332994137828423e-01
2.133510223069989553e-01
1.850890699211515389e-01
1.610557449665534213e-01
1.637134845611466771e-01
2.108463063110077862e-01
2.052007134793712440e-01
2.041229930337906950e-01
1.807523683874875109e-01
8.237082398386089133e-02
1.667507037803073744e-01
2.561832767647154174e-01
2.688072463547110935e-01
1.805593890521697553e-01
1.832300336453555056e-01
2.519477128455072101e-01
3.409194066458123840e-01
3.805051647298087203e-01
2.758743286986872212e-01
8.063010033180730007e-02
1.742250400163838919e-01
2.398715590636950057e-01
2.052883729124242718e-01
1.555784323778946765e-01
1.192605225964867427e-01
6.852475957355334824e-02
1.464417569638343519e-01
2.240256517058233920e-01
2.246051469251668931e-01
1.774395866686005185e-01
1.738324512330393923e-01
1.422229513381678689e-01
1.509098435371104829e-01
1.957734578720500551e-01
1.629725232223118159e-01
7.196777028012747712e-02
1.059899513798754217e-01
8.761575568372996503e-02
1.194774653244214391e-01
2.607612811601636160e-01
3.429274246051362551e-01
2.985651732593617158e-01
1.634404668356627677e-01
1.059516987857632847e-01
6.878869558660455352e-02
1.139966557170317557e-01
1.492468631012545399e-01
1.055748486690599591e-01
1.508960425643912917e-01
2.281338833223836016e-01
2.334555786852476611e-01
2.031797732051740524e-01
1.318344071364083436e-01
6.263881816417588011e-02
1.370705855669332729e-01
1.367975678064611011e-01
1.241249560887204700e-01
1.776877602317780691e-01
2.617772224745750220e-01
2.563262863382664292e-01
1.893163242075616703e-01
1.436096192930533810e-01
9.644763103154170569e-02
6.626035246492043007e-02
7.645990930014451292e-02
1.835642308730521810e-01
2.450390607395089015e-01
2.710520796170082236e-01
2.239977701684299216e-01
1.689943902393130082e-01
1.472292467903133228e-01
1.395706720064517070e-01
2.150435775597586696e-01
1.864116998992532137e-01
6.188200694794381701e-02
1.446209175865575958e-01
2.377314227007760739e-01
2.516356881962376613e-01
2.076763510866697637e-01
