9.981494592234909646e-01 9.981228978646877747e-01 9.958873050605957511e-01 9.888493569544566375e-01 9.779495244326604775e-01 9.591421226139437151e-01 9.462375802401481462e-01 9.328212246964021626e-01 9.191830763902406609e-01 8.998780914146822241e-01
9.981494593480702004e-01 9.981256640446596329e-01 9.960329801804714833e-01 9.893473860175935330e-01 9.783570974647225471e-01 9.594014757279494265e-01 9.459775957297563709e-01 9.343162153131691072e-01 9.206603757764024731e-01 9.012747858815312041e-01
9.981494598968484455e-01 9.981267154584323453e-01 9.958543542467381826e-01 9.890098039825075960e-01 9.773240332198391833e-01 9.576743512021570481e-01 9.439021820178916666e-01 9.307442394688311138e-01 9.178655543117093529e-01 8.999528568875118095e-01
9.981494596963305099e-01 9.981257905055124224e-01 9.961244089375389521e-01 9.896624207997060108e-01 9.793987687165366385e-01 9.599351077277306077e-01 9.461881895204025117e-01 9.326503909219774346e-01 9.211985961074594664e-01 9.011853625193605444e-01
9.981494584961609906e-01 9.981192327629289096e-01 9.955764380979228445e-01 9.883923289560055947e-01 9.764863537350798595e-01 9.568773312763307892e-01 9.424987643881840294e-01 9.299110406512528515e-01 9.140160826939184302e-01 8.936936141716149695e-01
9.981494582420848971e-01 9.981191884777661505e-01 9.957401531073002410e-01 9.883909283836459503e-01 9.768075627071285405e-01 9.576199407014588383e-01 9.424812023065467503e-01 9.300691928192781344e-01 9.191165225661913629e-01 8.966450116372274293e-01
9.981494596716183887e-01 9.981238384340354042e-01 9.959386674060434208e-01 9.890043593264915556e-01 9.789653208934342432e-01 9.605257782819527357e-01 9.466083070459915261e-01 9.321000684816752591e-01 9.192871129897763893e-01 8.981873489001673816e-01
9.981494597042699368e-01 9.981225694081869992e-01 9.957710357563904768e-01 9.886340473364498838e-01 9.774549238362817416e-01 9.582675471697248426e-01 9.447567327854720087e-01 9.323896072340159824e-01 9.182250550800662436e-01 8.963921542113502117e-01
9.981494590838337899e-01 9.981233165293621479e-01 9.958097423209708587e-01 9.885770069197576948e-01 9.782910973294677293e-01 9.584169226239371842e-01 9.455865588890614015e-01 9.317603634093855058e-01 9.197860728962414800e-01 8.990995664971541679e-01
9.981494585752488380e-01 9.981217546647035421e-01 9.958353599754219410e-01 9.881596755721206993e-01 9.768571298296842009e-01 9.579436577138232822e-01 9.444375097517517803e-01 9.324807610241966360e-01 9.211284708595919302e-01 9.018620194809624513e-01
