0.000000000000000000e+00
7.798261863774943459e-01
1.104845987056082057e+00
1.398925850653034209e+00
1.690411554334180000e+00
1.976007453295345773e+00
2.368522512960150816e+00
2.669239240550729253e+00
3.016495150406258485e+00
3.284339631251353531e+00
3.585038541886354402e+00
3.866497671833248884e+00
4.149461907510692882e+00
4.430853818204747441e+00
4.685470732750736111e+00
4.990387811362535508e+00
5.248127340846609812e+00
5.591002674470331613e+00
5.805182420253163222e+00
6.154595377938821166e+00
6.416892156850915185e+00
6.669952527860919744e+00
7.058912310379689359e+00
7.286167362948233972e+00
7.614486507356614808e+00
7.885772995694155796e+00
8.175170508920540868e+00
8.436451953959847927e+00
8.725157537622857618e+00
9.024917682207382441e+00
9.319175961626381621e+00
9.516230552519870045e+00
9.958796619992385857e+00
1.011187888824269798e+01
1.042090990849467325e+01
1.073226464278852355e+01
1.095656969904021771e+01
1.134093341846543801e+01
1.157093288301868306e+01
1.188276907055251463e+01
1.210398565197118970e+01
1.249626216498179510e+01
1.270439361120931387e+01
1.305900801375890907e+01
1.329147835750001150e+01
1.361144600135139626e+01
1.384548342052387326e+01
1.414202920990633672e+01
1.441622854473058979e+01
1.464472216055424880e+01
1.504020650945512827e+01
1.515599372921611021e+01
1.551927424522725474e+01
1.575380824039608640e+01
1.604932806449383520e+01
1.624929622020210829e+01
1.663347673879055932e+01
1.669773545487498012e+01
1.705232146147988459e+01
1.726462985236634751e+01
1.748110621332691750e+01
1.772083676768701466e+01
1.792057966317020501e+01
1.821044380635411031e+01
1.819283989997483530e+01
1.852862766458421007e+01
1.862622187881533264e+01
1.890911294204505921e+01
1.902492960217632145e+01
1.925991885158120098e+01
1.893628477540775989e+01
1.933699862669876879e+01
1.941947177967218963e+01
1.945530743667563911e+01
1.959973087994850260e+01
1.939842710412431614e+01
1.938916615242035490e+01
1.962965389548429229e+01
1.964728779301106343e+01
1.955970690261235490e+01
1.943642514033047064e+01
1.930699829832630954e+01
1.915924103571896708e+01
1.897726231876978176e+01
1.896819515035701187e+01
1.890492132766634015e+01
1.874593329201547576e+01
1.867036409046343337e+01
1.857953280734156820e+01
1.839054811900172837e+01
1.825018074153632952e+01
1.815786274197698802e+01
1.796540745385055615e+01
1.786518706374579679e+01
1.784122145295150830e+01
1.775474986917192410e+01
1.760464260172442508e+01
1.724150526826575813e+01
1.704619979213427783e+01
1.707735361562299659e+01
