0.000000000000000000e+00
1.113608218571587649e+00
1.381381923561410652e+00
1.620224207689920704e+00
1.859303678700940043e+00
2.169838298132861443e+00
2.592482943080011815e+00
2.913026510985272655e+00
3.195282945664537966e+00
3.449961282920340988e+00
3.644782969066641787e+00
3.736891905751337895e+00
3.899320455819063280e+00
4.229419663622134173e+00
4.655329955215330884e+00
4.934676300294675855e+00
5.180077365251408494e+00
5.341028681563094516e+00
5.623324408534121410e+00
5.827713628663225620e+00
6.124559397458116727e+00
6.248401756725581180e+00
6.399000374785638989e+00
6.519546456276389179e+00
6.810841444235312458e+00
6.920018466484232356e+00
7.150249014591323338e+00
7.386266750962597882e+00
7.603573909566606837e+00
7.813988260876516989e+00
7.940182095406619567e+00
8.261011771791624270e+00
8.480259204957739883e+00
8.731467275140660789e+00
8.704436818823465316e+00
9.186309159490852139e+00
9.362712654701011772e+00
9.550984661081002969e+00
9.833263840587358473e+00
1.015208399931470851e+01
1.024946222598315693e+01
1.022637262343775255e+01
1.044087527123668657e+01
1.074760687274766191e+01
1.114909759428251235e+01
1.140221536408581215e+01
1.176630207099264425e+01
1.205554689729394546e+01
1.228567559570682555e+01
1.269064448620052410e+01
