0.000000000000000000e+00
7.147370759947248020e-01
1.066205798160500207e+00
1.335304562802929418e+00
1.585478971385651636e+00
1.847949499044448940e+00
2.339692722717493290e+00
2.602667732734144757e+00
2.974426618175608716e+00
3.190731061732435592e+00
3.408930140342468551e+00
3.512390001067447809e+00
3.739088651715472444e+00
4.056021953828773619e+00
4.436261272164039760e+00
4.725940343000820221e+00
4.965192267284436412e+00
5.115565926955182974e+00
5.364791947931270677e+00
5.594286124813899974e+00
5.765552963007945841e+00
5.890609583347046652e+00
6.084684073536606341e+00
6.339528981522944306e+00
6.446148864212394081e+00
6.621232898070330997e+00
6.711907277605444477e+00
7.019475886598707248e+00
7.190560252549841991e+00
7.426508460075502249e+00
7.718762043340182899e+00
7.911609523630398044e+00
8.190528700688416208e+00
8.214846051120355597e+00
8.587296481667722858e+00
8.868078209300305659e+00
9.002773677100678995e+00
9.205095254906192181e+00
9.517307627102775669e+00
9.779727619616073397e+00
9.861096152759802891e+00
9.962833507928861465e+00
1.014275171694919386e+01
1.036384616417063320e+01
1.063825727985752856e+01
1.108906207031690272e+01
1.127158895289826290e+01
1.145888294684734099e+01
1.190947183660446207e+01
1.227356224153717612e+01
