0.000000000000000000e+00
7.633177633025918229e-01
1.070346151628304598e+00
1.310684638109064659e+00
1.586031979901660671e+00
1.847370452750586312e+00
2.147356691298095477e+00
2.457504936511104798e+00
2.765245609584025654e+00
3.199031439597022519e+00
3.416376361749399848e+00
3.669061406905640865e+00
3.949056171263361836e+00
4.246734922653378597e+00
4.535237335132961789e+00
4.840846888628146161e+00
5.032680563358088222e+00
5.367403315588093804e+00
5.590004871928599073e+00
5.827331414373619900e+00
6.086725208524184971e+00
6.331561133472556335e+00
6.606373376707760592e+00
6.955886312807976424e+00
7.147347772723773751e+00
7.506519597518073184e+00
7.698813099646153901e+00
7.948684436598501435e+00
8.173035721536374254e+00
8.389710798913233347e+00
8.722323839043701454e+00
8.959355235634335557e+00
9.123682456149206033e+00
9.376646943907861242e+00
9.671614030364198200e+00
9.943145381190433341e+00
1.016549746765105766e+01
1.037876356128373878e+01
1.067236181956095642e+01
1.085612795128064256e+01
1.117182073555508559e+01
1.124214648553451212e+01
1.140176414356470858e+01
1.176702941414541037e+01
1.198562003227194417e+01
1.200986637601979901e+01
1.214194338095834702e+01
1.232512821168865891e+01
1.283863657476867637e+01
1.296851192080324466e+01
1.324276868597893042e+01
1.346482617301968787e+01
1.378232635994871025e+01
1.396097223015283184e+01
1.423326605130094791e+01
1.444413933977241271e+01
1.463410116441095354e+01
1.465006009783702723e+01
1.479952561664068789e+01
1.485896150528353665e+01
1.501542395871153168e+01
1.520663338142347598e+01
1.556921935648305499e+01
1.549329501666793618e+01
1.581192690413123891e+01
1.590591244404602023e+01
1.614313618197405731e+01
1.635173673120133842e+01
1.634132959336381319e+01
1.623556584588816776e+01
1.640601701381082478e+01
1.633077787152382498e+01
1.611590572253366815e+01
1.615975177030459520e+01
1.600707268836908170e+01
1.619172553354680488e+01
1.640150009278339738e+01
1.617325225775799069e+01
1.620817842228754202e+01
1.593005567156378177e+01
1.591511445733319974e+01
1.592785989226750409e+01
1.606709346890841772e+01
1.579222200136219278e+01
1.592978932387191549e+01
1.578890079900914856e+01
1.570769068337978069e+01
1.558473470135019134e+01
1.534393631814297088e+01
1.523166656188491963e+01
1.520654223915381564e+01
1.537019927555951071e+01
1.559049801031153493e+01
1.543858149362005250e+01
1.534509918102063786e+01
1.538591197384296905e+01
1.515314791378022186e+01
1.492580077413005846e+01
1.486889826799570180e+01
1.470771322661879132e+01
